9 13 1
x1 1.0
x2 1.0
x3 1.0
x4 1.0
x5 1.0
x6 1.0
x7 1.0
x8 1.0
x9 1.0
cov_1 G 1.0
cov_2 G 1.0
cov_3 G 1.0
cov_4 G 1.0
cov_5 G 1.0
cov_6 G 1.0
cov_7 G 1.0
cov_8 G 1.0
cov_9 G 1.0
cov_10 G 1.0
cov_11 G 1.0
cov_12 G 1.0
cov_13 G 1.0
1.0 1.0 1.0 0.0 0.0 0.0 0.0 0.0 0.0
0.0 1.0 1.0 1.0 0.0 0.0 0.0 0.0 0.0
0.0 0.0 1.0 1.0 1.0 0.0 0.0 0.0 0.0
0.0 0.0 0.0 1.0 1.0 1.0 0.0 0.0 0.0
0.0 0.0 0.0 0.0 1.0 1.0 1.0 0.0 0.0
0.0 0.0 0.0 0.0 0.0 1.0 1.0 1.0 0.0
0.0 0.0 0.0 0.0 0.0 0.0 1.0 1.0 1.0
1.0 0.0 0.0 1.0 0.0 0.0 1.0 0.0 0.0
0.0 1.0 0.0 0.0 1.0 0.0 0.0 1.0 0.0
0.0 0.0 1.0 0.0 0.0 1.0 0.0 0.0 1.0
1.0 0.0 0.0 0.0 1.0 0.0 0.0 0.0 1.0
0.0 0.0 1.0 0.0 1.0 0.0 1.0 0.0 0.0
1.0 0.0 0.0 0.0 0.0 1.0 0.0 1.0 0.0
INTEGERS
1 1 1 1 1 1 1 1 1
