50 50 1
v0 0.26
v1 -0.63
v2 0.14
v3 0.44
v4 -0.17
v5 -0.80
v6 0.55
v7 0.77
v8 0.54
v9 0.48
v10 0.20
v11 -0.10
v12 -0.41
v13 -0.28
v14 -0.24
v15 0.95
v16 0.73
v17 -0.86
v18 0.75
v19 0.24
v20 0.50
v21 0.08
v22 0.19
v23 -0.47
v24 0.77
v25 0.57
v26 0.84
v27 0.27
v28 -0.08
v29 0.96
v30 0.72
v31 0.62
v32 -0.96
v33 0.22
v34 0.13
v35 0.49
v36 0.38
v37 -0.99
v38 0.12
v39 -0.79
v40 0.20
v41 -0.29
v42 -0.91
v43 -0.72
v44 -0.00
v45 0.30
v46 0.24
v47 0.97
v48 0.97
v49 -0.14
C0 L 9.97
C1 L 6.53
C2 L 8.15
C3 L 5.72
C4 L 7.57
C5 L 7.90
C6 L 5.01
C7 L 9.49
C8 L 6.20
C9 L 9.90
C10 L 6.76
C11 L 8.31
C12 L 7.69
C13 L 5.85
C14 L 5.73
C15 L 8.24
C16 L 8.67
C17 L 8.47
C18 L 9.52
C19 L 6.92
C20 L 9.81
C21 L 8.34
C22 L 5.97
C23 L 7.70
C24 L 6.96
C25 L 9.48
C26 L 7.10
C27 L 5.99
C28 L 5.96
C29 L 9.25
C30 L 8.36
C31 L 5.87
C32 L 5.43
C33 L 5.80
C34 L 8.63
C35 L 5.24
C36 L 9.48
C37 L 9.93
C38 L 9.91
C39 L 7.41
C40 L 7.44
C41 L 6.40
C42 L 5.85
C43 L 6.16
C44 L 9.40
C45 L 5.92
C46 L 6.12
C47 L 8.02
C48 L 5.39
C49 L 8.50
0.0 0.0 0.0 0.61 0.0 0.0 0.0 0.0 0.0 0.0 0.0 0.0 0.0 0.0 1.63 0.0 0.0 0.0 1.66 0.0 0.23 0.0 0.32 1.25 0.0 0.0 0.0 0.0 0.0 0.0 0.0 0.0 0.0 0.0 0.0 0.0 0.0 0.0 0.0 0.0 0.0 0.0 0.72 0.0 0.0 0.77 0.26 0.0 0.0 0.0
0.0 1.57 1.53 0.0 0.0 0.0 0.57 0.0 0.0 0.0 0.0 0.0 0.0 0.72 1.44 0.0 0.0 0.0 0.0 0.0 0.0 0.0 0.0 0.0 0.0 1.15 0.0 0.0 0.28 0.0 0.0 1.31 0.61 0.0 0.0 0.0 0.11 1.41 0.0 0.0 0.0 0.92 0.0 0.0 0.07 1.52 0.0 0.0 1.42 0.0
0.0 0.0 0.0 0.0 0.0 1.90 0.0 1.30 0.0 0.0 0.0 0.0 1.74 1.99 0.0 0.0 0.0 0.0 0.0 0.0 1.56 1.62 0.0 0.0 0.0 0.0 0.94 0.0 1.01 1.27 1.03 0.0 0.0 0.0 0.82 0.0 0.0 0.0 0.0 0.0 0.0 0.26 0.21 0.0 0.0 0.0 0.0 0.0 0.0 1.32
0.0 0.0 0.0 1.01 0.0 0.0 0.0 0.93 0.0 0.0 0.22 0.0 0.0 0.0 0.0 0.0 0.0 0.0 0.0 0.0 0.0 0.28 0.0 0.0 0.0 0.0 0.0 0.0 0.0 0.0 0.0 0.0 0.0 1.93 0.98 0.92 0.0 1.17 0.0 1.27 0.0 0.98 0.0 0.0 0.0 0.0 0.0 0.0 0.0 0.0
0.0 1.70 0.63 0.0 0.0 0.0 0.0 0.36 0.0 1.53 0.0 0.0 0.0 0.0 0.0 0.0 0.0 0.0 0.0 0.0 0.0 0.0 0.0 0.0 0.0 0.0 0.0 2.00 0.0 0.0 0.0 0.81 0.0 0.0 0.0 0.0 0.0 0.0 0.0 1.52 0.0 0.0 0.54 0.0 0.0 0.06 1.69 0.0 0.0 0.89
0.0 0.0 0.0 0.0 0.83 0.0 0.0 0.0 0.0 0.0 0.0 0.0 0.0 0.0 0.56 0.0 0.0 0.0 0.0 0.0 0.0 0.0 0.89 0.0 0.23 0.0 0.34 0.23 0.0 1.15 0.0 0.0 0.0 0.0 0.0 0.0 0.0 0.0 0.0 0.0 0.72 0.0 0.0 0.0 0.0 0.0 0.0 0.0 0.0 0.64
0.0 0.0 0.0 0.0 0.0 0.0 0.0 0.0 0.0 0.0 0.0 0.0 0.0 0.0 0.0 0.0 0.0 0.0 0.0 0.0 0.0 0.88 0.0 0.0 0.0 0.0 0.0 0.0 0.0 0.0 0.0 1.54 0.0 0.0 0.0 0.0 0.0 0.0 0.0 0.0 1.37 0.0 0.0 0.0 0.45 0.0 0.0 0.0 0.0 0.0
0.0 0.0 0.0 0.0 0.0 0.57 0.0 0.0 0.0 1.86 0.0 0.0 0.54 0.0 0.0 0.0 1.36 0.0 0.0 0.0 0.0 0.0 0.0 0.0 0.0 0.0 0.0 0.0 0.0 0.0 0.83 0.0 0.0 0.0 0.0 0.0 0.0 0.0 0.88 0.0 0.0 0.0 0.0 0.0 0.53 0.0 1.13 0.0 0.04 0.0
1.22 0.0 0.0 0.0 0.0 1.71 1.03 0.0 0.0 0.0 0.0 0.0 0.0 0.0 0.0 0.0 0.0 0.0 0.0 0.0 0.0 0.0 0.0 0.0 0.0 0.0 0.0 0.0 0.0 0.12 0.0 1.02 0.0 0.0 0.0 0.36 0.0 0.44 0.0 0.0 0.0 0.0 0.0 0.0 0.87 0.0 0.0 0.0 1.14 0.0
0.0 0.61 0.0 0.0 0.0 0.0 0.0 0.0 0.0 0.80 0.89 0.0 1.95 0.0 0.0 0.0 0.0 0.0 0.0 0.0 0.0 0.0 0.0 1.82 0.0 0.0 0.0 0.0 0.0 0.0 1.47 0.0 0.0 0.0 0.0 0.0 0.0 0.0 0.0 1.27 0.0 0.0 0.0 1.64 0.0 0.14 0.0 1.23 0.0 0.0
0.49 0.45 0.0 0.0 0.87 1.69 1.77 0.0 0.89 0.44 0.0 0.0 0.01 0.0 0.0 0.0 0.0 0.0 0.0 0.0 0.0 0.0 0.0 0.63 0.0 0.0 0.0 0.0 0.0 0.0 0.0 0.0 0.0 1.34 0.92 0.0 0.0 0.0 0.0 0.63 0.0 0.0 0.0 0.0 0.0 0.0 0.0 0.0 0.0 0.0
0.0 0.0 0.56 0.0 0.0 0.0 1.72 0.0 0.0 0.0 0.0 1.84 0.0 0.0 0.0 0.0 0.0 0.0 1.78 0.0 0.0 1.20 0.0 0.0 0.0 0.0 1.21 0.0 1.93 0.0 0.0 0.03 0.0 0.0 0.0 0.0 0.0 0.78 1.24 0.0 0.0 0.06 0.0 0.0 0.0 0.0 0.06 0.0 0.0 0.0
0.0 1.53 0.58 0.0 0.0 0.0 0.76 0.0 0.0 0.0 1.52 0.0 0.0 0.0 0.10 0.0 0.0 1.91 0.0 0.0 0.0 0.0 0.0 0.0 0.0 1.09 0.27 0.07 0.0 0.0 0.0 0.0 0.0 0.41 0.27 0.0 0.0 0.0 0.23 0.0 0.0 0.0 1.68 0.99 0.0 0.0 0.0 0.0 0.0 0.0
0.0 0.0 0.0 0.0 0.0 0.0 0.0 0.0 0.0 0.0 0.43 0.0 0.0 0.45 0.0 0.0 0.0 0.0 0.0 0.0 0.0 0.11 0.0 0.88 0.0 0.0 0.0 0.0 1.81 0.0 0.0 0.0 0.0 0.0 0.0 0.0 0.0 0.0 0.0 0.0 0.0 0.0 0.0 0.0 0.0 0.0 0.0 0.0 0.0 0.0
0.27 0.0 0.0 0.09 0.0 0.0 0.23 0.0 0.0 0.0 0.0 0.0 0.0 1.24 0.0 0.0 0.0 0.85 0.0 0.0 0.0 0.0 0.0 0.0 0.57 0.0 0.0 0.0 0.81 0.0 0.0 0.0 0.0 0.0 0.0 0.19 0.0 0.0 1.49 0.0 0.0 0.0 0.0 0.80 0.0 0.0 0.0 0.0 0.0 0.46
0.0 0.0 1.27 1.22 0.0 1.80 0.0 0.0 1.80 0.0 0.0 0.0 1.31 0.0 0.0 1.25 0.0 0.0 0.0 0.0 0.88 1.90 0.0 0.0 0.0 0.66 0.63 0.0 0.0 0.0 0.0 0.0 0.0 0.0 0.0 0.0 0.0 1.20 0.0 1.74 0.65 0.0 0.0 0.0 0.0 1.72 0.0 0.09 0.0 1.10
0.0 0.0 0.0 0.0 0.0 0.0 1.75 0.0 0.0 0.0 0.0 0.0 0.0 0.0 0.0 1.47 0.0 0.0 0.0 0.0 0.0 0.0 1.60 0.0 0.78 1.43 1.00 0.0 0.0 0.0 0.0 0.0 0.0 0.0 0.0 0.0 0.12 0.0 0.0 0.0 0.0 0.32 0.41 1.06 0.0 0.0 0.0 0.0 0.0 0.0
1.03 0.0 0.78 0.0 0.0 0.0 0.0 0.0 0.0 0.0 0.0 0.0 0.0 0.0 0.0 0.21 0.0 0.0 0.02 0.0 0.0 0.0 0.0 0.0 1.92 0.0 0.0 0.0 0.0 0.0 1.70 0.0 0.0 0.0 0.0 0.0 1.73 0.0 1.49 0.91 0.27 0.64 0.0 0.0 0.0 0.0 0.0 0.0 0.0 0.0
0.0 0.81 0.0 0.10 0.0 0.0 0.0 0.0 1.46 0.0 0.0 0.31 0.0 0.0 0.0 0.0 0.0 0.0 0.0 0.04 1.29 0.0 0.0 0.0 0.0 0.0 0.0 0.0 0.0 0.0 0.0 0.0 0.0 0.22 0.0 0.0 1.56 0.0 1.68 0.0 0.0 0.0 0.0 0.0 0.0 0.47 0.0 0.0 0.0 0.0
0.0 0.0 0.0 1.08 0.31 1.34 0.0 0.0 1.21 0.0 0.0 0.0 0.0 0.0 0.18 0.0 0.0 0.0 0.43 1.16 0.0 0.05 0.0 0.0 0.0 0.0 0.0 0.0 0.0 0.0 0.0 0.0 0.0 0.0 0.0 0.0 0.0 0.02 0.0 0.0 0.0 0.0 0.0 0.0 0.0 1.55 0.0 0.29 0.17 0.0
0.0 0.0 0.79 0.0 0.0 0.0 1.98 0.0 0.0 0.0 0.0 0.0 0.0 0.67 0.0 0.0 0.0 0.0 0.0 0.0 0.0 0.0 0.0 0.0 0.0 0.0 0.0 0.59 0.0 0.0 0.0 0.0 0.0 0.48 0.0 0.57 0.0 0.82 0.0 0.0 0.0 0.0 1.78 0.0 0.79 0.0 1.48 0.0 0.0 0.0
0.33 0.0 0.0 0.0 0.0 0.0 0.0 0.0 0.21 0.0 0.0 0.0 0.0 0.0 0.0 0.0 0.0 0.29 1.05 1.54 0.0 0.0 0.0 0.0 0.0 0.0 0.0 0.0 0.0 0.57 0.51 0.0 0.0 0.0 0.0 0.0 0.0 0.0 0.0 0.80 0.0 0.0 0.0 1.65 0.56 0.0 0.0 0.0 0.0 0.0
0.0 0.0 0.0 0.0 0.0 0.0 0.0 1.55 0.0 0.0 0.0 0.0 0.0 0.0 0.0 0.0 0.0 1.39 0.0 0.0 1.64 0.0 0.62 0.0 0.0 0.0 0.0 1.61 0.0 0.0 0.72 0.0 0.0 0.0 0.0 0.0 0.0 0.0 0.0 0.0 0.0 0.0 0.0 0.0 0.0 0.0 0.0 0.0 0.0 0.0
0.0 0.0 0.0 1.05 0.0 0.0 0.0 0.0 0.0 0.0 0.79 0.0 0.0 0.0 0.0 0.0 0.0 0.0 1.25 0.0 0.0 0.0 0.0 0.0 0.0 0.0 0.77 0.0 0.90 0.0 0.0 0.0 0.0 0.0 1.48 0.0 0.0 0.0 1.10 0.0 0.0 1.51 0.0 1.41 1.34 0.0 0.0 0.0 0.0 0.50
0.0 0.0 0.0 0.0 0.0 0.0 0.0 0.0 0.0 0.0 0.0 1.80 0.0 0.0 0.0 0.0 0.0 0.0 0.0 0.0 0.0 1.71 0.0 0.0 0.0 1.72 1.14 0.0 0.0 0.0 0.0 0.0 0.0 0.0 0.0 0.0 1.00 0.0 0.0 0.0 0.0 1.81 0.0 0.0 0.0 0.0 0.0 0.0 0.0 0.0
0.52 0.0 0.0 0.0 0.0 0.0 0.0 0.0 0.0 0.88 0.0 0.0 0.0 0.59 0.73 0.0 1.72 0.0 0.0 0.0 1.11 1.21 0.0 0.0 0.0 0.0 0.0 0.0 0.0 0.0 0.0 0.0 0.0 0.0 1.86 0.0 0.0 0.0 0.0 0.74 0.0 0.0 0.0 0.0 1.50 0.0 0.0 1.82 0.0 0.0
0.0 0.0 0.0 0.0 0.0 1.67 0.0 0.0 0.0 0.0 0.0 0.0 0.0 0.31 0.0 0.0 0.0 0.0 0.0 0.25 0.0 0.0 0.0 0.66 0.72 0.0 0.0 0.0 0.0 1.83 0.0 0.0 0.0 0.0 0.0 0.0 0.27 0.09 0.0 0.0 0.0 0.0 1.30 0.0 0.0 0.0 0.0 0.0 0.0 0.0
0.0 0.57 0.0 0.0 0.0 0.0 0.0 0.0 0.0 0.0 0.0 0.0 0.0 0.09 0.83 1.39 0.12 0.0 0.0 0.0 0.0 0.0 0.0 0.0 0.0 0.0 0.0 0.0 0.0 0.0 0.0 0.0 0.0 0.0 0.0 0.0 0.0 0.32 0.0 0.0 0.0 0.0 0.0 0.0 0.0 0.0 0.0 0.0 0.0 0.0
0.07 0.0 0.0 0.0 0.0 0.0 0.0 0.0 0.0 0.0 1.48 0.0 1.12 0.0 0.0 0.0 0.0 1.17 0.0 0.0 0.0 0.0 1.99 0.0 0.0 0.0 0.0 0.0 0.0 1.82 0.0 0.0 0.0 0.0 0.08 0.0 0.0 0.0 0.0 0.94 0.0 0.0 0.0 0.0 0.0 0.0 0.0 0.0 0.0 0.0
0.32 0.0 0.0 0.0 0.0 0.0 0.0 0.0 0.0 0.0 1.99 1.47 0.0 0.0 0.0 1.42 0.06 0.0 0.66 0.0 0.0 1.07 0.62 0.0 0.0 0.0 0.33 0.0 0.0 1.94 0.0 0.0 0.0 0.0 0.0 0.83 0.0 0.0 0.0 0.54 0.0 1.41 1.08 0.0 0.0 1.39 0.0 0.0 0.0 1.39
0.0 0.0 0.0 0.0 0.0 0.0 0.0 1.76 0.0 0.0 0.50 0.0 0.0 0.0 1.65 0.0 0.0 1.20 0.79 0.0 0.0 0.0 0.0 0.0 0.0 0.0 0.0 0.0 0.0 0.0 0.0 0.0 0.0 0.0 0.18 0.0 1.77 0.0 0.0 0.0 0.0 0.0 0.0 0.0 0.0 0.0 0.0 0.0 0.0 0.0
1.52 0.0 0.0 0.0 0.0 1.03 0.46 0.0 0.0 0.0 0.0 0.0 0.0 0.0 0.0 0.0 0.0 0.0 0.47 0.0 0.0 0.0 0.0 0.0 0.0 0.0 0.0 0.0 0.0 1.93 0.0 0.27 0.97 0.0 0.0 0.0 0.0 0.0 0.0 0.0 0.0 0.0 1.76 0.0 0.0 1.13 0.0 0.0 0.0 1.30
0.0 0.0 0.0 0.0 1.67 0.0 1.69 0.0 0.0 0.35 0.0 0.0 0.0 0.0 0.0 0.0 0.23 0.0 0.0 1.29 0.0 0.0 0.0 0.0 0.0 0.0 1.66 0.0 0.0 0.0 0.05 0.0 0.0 0.0 0.0 0.0 0.0 0.14 0.0 1.47 0.0 0.0 0.0 0.0 1.82 0.0 0.06 0.65 0.0 0.0
0.0 0.0 0.0 1.05 0.0 1.61 0.0 0.0 0.0 1.14 0.0 0.0 1.11 0.0 1.34 0.28 0.65 0.0 1.51 0.0 0.0 0.0 1.65 0.0 0.0 0.0 0.0 0.0 0.0 0.0 0.0 0.0 0.0 0.0 0.0 0.0 0.0 0.0 0.0 0.0 0.0 0.0 0.81 0.0 0.0 0.0 0.0 0.0 0.37 0.0
0.0 0.0 0.0 0.0 0.0 0.0 0.0 0.0 0.0 0.0 1.36 0.0 0.0 0.0 0.0 0.0 0.0 0.0 0.15 0.0 0.0 0.0 0.0 1.79 0.0 0.0 0.0 0.53 0.0 0.83 0.0 0.42 0.0 0.0 0.10 0.0 0.0 1.00 0.0 0.0 0.36 0.0 0.0 0.0 0.0 0.0 0.0 1.69 0.0 0.0
0.19 0.0 0.0 0.0 0.0 0.0 0.0 0.0 0.0 0.0 1.56 0.0 0.0 0.0 0.0 0.0 0.0 0.0 0.0 0.0 0.0 0.0 0.0 0.0 0.0 1.81 0.0 0.0 0.0 0.0 0.0 0.0 0.62 0.0 0.0 0.0 0.0 0.0 0.0 0.0 0.0 0.0 0.0 0.0 0.0 1.60 0.0 0.0 0.0 0.0
0.0 0.0 1.49 0.0 0.0 0.0 0.0 0.0 0.68 0.0 0.0 0.0 0.0 0.0 0.0 0.0 0.07 0.0 0.0 0.0 0.0 0.0 0.0 0.0 0.0 0.0 0.87 0.0 0.0 0.33 0.0 0.0 0.0 0.0 0.0 0.0 0.0 0.0 0.0 0.0 0.75 0.0 0.0 0.0 0.0 0.0 0.0 0.0 0.0 0.0
0.0 0.0 1.35 0.0 0.0 0.0 0.0 0.0 0.72 0.07 0.0 0.0 1.61 0.0 0.0 0.0 0.0 0.0 0.0 0.0 0.0 0.0 0.0 0.0 0.0 0.0 0.0 1.22 0.0 1.88 0.96 0.0 0.0 0.0 0.0 0.0 0.0 0.0 0.0 0.0 1.19 1.30 0.0 0.0 0.0 0.95 0.0 0.0 0.36 1.49
0.0 0.0 0.0 0.0 0.0 0.0 1.94 0.0 0.0 0.0 0.0 1.80 0.11 0.0 0.08 0.0 0.0 0.0 0.0 0.0 0.0 0.0 0.0 0.73 0.45 0.0 0.0 0.0 0.0 0.0 0.64 0.0 0.0 0.0 0.0 0.0 0.0 0.0 0.85 0.0 0.0 0.0 1.61 0.0 0.0 1.26 0.0 0.0 0.0 0.0
0.0 0.0 0.0 0.27 0.82 0.0 0.0 0.0 0.0 0.0 0.0 0.0 0.0 1.16 0.32 0.0 0.0 0.0 0.91 1.90 0.0 0.0 0.0 0.0 0.0 0.0 0.0 0.0 0.0 0.0 0.0 0.0 0.0 0.0 0.0 0.0 0.0 0.0 0.0 0.0 0.0 0.0 0.68 0.0 0.0 0.0 0.0 1.63 0.0 0.0
0.0 0.0 0.0 0.02 0.0 0.0 0.0 0.0 0.0 0.0 0.0 0.0 0.67 0.0 0.65 0.0 0.0 0.0 0.0 0.0 0.0 0.0 0.0 0.0 0.0 0.0 1.76 0.0 1.07 0.0 0.0 0.0 0.0 0.0 0.0 0.0 0.0 1.76 0.0 0.42 0.0 0.0 0.0 0.0 0.0 0.0 0.0 0.67 0.0 0.18
0.0 0.0 0.0 0.0 1.50 0.0 0.0 0.0 0.0 0.0 0.0 0.0 0.0 0.0 0.67 0.0 0.0 1.84 0.37 0.0 0.0 0.0 0.0 0.0 0.0 0.0 0.0 0.0 0.0 0.0 1.05 0.0 0.0 0.0 0.99 0.0 0.0 0.0 0.0 0.0 0.0 0.0 1.88 0.0 0.0 0.0 1.72 1.61 0.68 0.0
0.0 0.0 0.0 0.0 0.0 0.0 0.0 1.31 0.0 0.0 0.0 0.0 0.0 0.0 0.56 0.0 0.72 0.0 0.0 0.0 0.0 0.0 1.65 0.73 0.0 0.0 1.68 0.0 1.53 0.0 0.0 0.0 0.0 0.0 0.0 0.0 0.0 0.92 0.0 0.0 0.0 0.0 0.42 0.0 0.0 0.0 1.60 0.0 0.0 0.0
0.0 0.26 0.0 0.61 0.0 0.0 0.0 1.06 0.0 0.0 1.44 0.0 0.0 0.0 0.0 0.0 0.0 0.0 0.96 0.0 1.43 0.0 0.0 0.0 0.0 0.0 0.0 0.0 0.0 0.0 0.0 0.0 0.0 0.0 0.0 0.0 0.34 0.0 0.0 0.09 0.0 0.0 0.0 0.0 0.0 0.0 0.11 0.0 0.68 0.0
0.0 0.0 0.0 0.0 0.0 1.06 0.0 0.0 0.0 0.0 0.0 0.0 0.0 0.0 0.0 0.0 0.0 0.0 0.0 0.0 0.0 0.0 0.0 0.0 0.0 0.64 0.0 0.0 0.93 0.28 0.0 0.0 1.73 1.29 0.0 0.0 0.0 0.0 0.0 1.89 0.0 0.0 0.0 0.0 0.0 0.0 0.0 0.0 1.32 0.0
0.0 0.0 0.0 0.12 0.0 0.0 0.0 0.0 0.0 0.0 1.53 0.0 0.0 0.0 0.0 0.0 0.0 1.01 0.0 0.0 0.0 0.0 0.0 0.0 0.0 1.83 0.0 0.0 0.0 0.0 0.0 0.0 0.0 0.0 0.0 0.0 0.0 1.30 0.0 0.0 0.0 0.0 0.77 0.0 1.15 0.0 0.0 0.48 0.0 1.01
0.0 0.0 0.0 0.0 0.0 0.0 0.0 0.0 0.0 0.0 0.0 0.0 0.0 0.0 1.20 0.0 0.0 0.0 0.0 0.0 0.0 0.0 1.43 0.0 0.0 0.0 0.0 0.09 0.0 0.70 0.0 0.0 0.0 0.67 1.68 0.0 0.0 0.0 0.0 1.95 0.0 0.0 0.0 0.0 1.75 0.0 0.0 0.0 0.0 0.0
0.0 0.13 0.0 0.0 0.0 0.0 0.0 0.0 0.0 0.0 0.0 0.11 0.90 1.54 0.61 0.0 0.0 0.0 1.82 0.0 0.0 0.0 0.29 0.0 0.0 0.0 0.0 0.0 0.0 0.0 1.90 0.23 0.01 0.0 0.0 0.0 0.0 0.0 0.0 0.0 0.0 0.0 0.51 0.0 0.0 1.75 0.91 0.0 0.0 0.0
0.0 0.0 0.0 0.0 0.0 0.0 0.0 0.0 0.0 0.0 0.0 0.0 0.60 0.0 0.0 0.0 0.0 1.13 0.0 0.0 0.0 1.76 0.0 0.13 1.68 0.0 0.0 0.0 0.0 0.0 0.0 1.65 0.0 0.17 0.0 0.0 0.0 0.0 0.0 0.30 0.0 0.0 0.70 0.0 0.0 0.0 0.0 0.0 0.0 1.41
0.0 0.0 0.0 0.0 0.36 0.0 0.28 0.0 0.0 0.0 0.0 0.0 0.0 0.49 1.97 0.0 0.0 0.0 1.24 0.99 0.0 0.0 0.0 0.0 0.0 0.45 0.0 0.0 0.0 0.0 0.0 0.0 0.0 0.0 1.64 0.0 0.0 0.0 0.0 0.0 0.0 0.0 0.44 0.0 0.0 0.47 0.0 0.0 0.0 0.0
