48 50 1
x_1 -2.00
x_2 0.50
x_3 0.50
x_4 1.50
x_5 0.50
x_6 -2.00
x_7 1.50
x_8 0.50
x_9 0.50
x_10 1.50
x_11 -2.00
x_12 0.50
x_13 1.50
x_14 0.50
x_15 0.50
x_16 -2.00
x_17 0.50
x_18 0.50
x_19 1.50
x_20 0.50
x_21 -2.00
x_22 1.50
x_23 0.50
x_24 0.50
x_25 1.50
x_26 -2.00
x_27 0.50
x_28 1.50
x_29 0.50
x_30 0.50
x_31 -2.00
x_32 0.50
x_33 0.50
x_34 1.50
x_35 0.50
x_36 -2.00
x_37 1.50
x_38 0.50
x_39 0.50
x_40 1.50
x_41 -2.00
x_42 0.50
x_43 1.50
x_44 0.50
x_45 0.50
x_46 -2.00
x_47 0.50
x_48 0.50
row_1 L 10.00
row_2 G 12.00
row_3 L 14.00
row_4 G 16.00
row_5 L 18.00
row_6 G 20.00
row_7 L 22.00
row_8 G 24.00
row_9 L 26.00
row_10 G 28.00
row_11 L 10.00
row_12 G 12.00
row_13 L 14.00
row_14 G 16.00
row_15 L 18.00
row_16 G 20.00
row_17 L 22.00
row_18 G 24.00
row_19 L 26.00
row_20 G 28.00
row_21 L 10.00
row_22 G 12.00
row_23 L 14.00
row_24 G 16.00
row_25 L 18.00
row_26 G 20.00
row_27 L 22.00
row_28 G 24.00
row_29 L 26.00
row_30 G 28.00
row_31 L 10.00
row_32 G 12.00
row_33 L 14.00
row_34 G 16.00
row_35 L 18.00
row_36 G 20.00
row_37 L 22.00
row_38 G 24.00
row_39 L 26.00
row_40 G 28.00
row_41 L 10.00
row_42 G 12.00
row_43 L 14.00
row_44 G 16.00
row_45 L 18.00
row_46 G 20.00
row_47 L 22.00
row_48 G 24.00
row_49 L 26.00
row_50 G 28.00
SPARSE_A
117
0 0 1.00
0 1 0.75
0 3 0.50
1 0 1.00
1 1 0.75
2 1 1.00
2 2 0.75
3 2 1.00
3 3 0.75
3 5 0.50
4 3 1.00
4 4 0.75
5 4 1.00
5 5 0.75
6 5 1.00
6 6 0.75
6 8 0.50
7 6 1.00
7 7 0.75
8 7 1.00
8 8 0.75
9 8 1.00
9 9 0.75
9 11 0.50
10 9 1.00
10 10 0.75
11 10 1.00
11 11 0.75
12 11 1.00
12 12 0.75
12 14 0.50
13 12 1.00
13 13 0.75
14 13 1.00
14 14 0.75
15 14 1.00
15 15 0.75
15 17 0.50
16 15 1.00
16 16 0.75
17 16 1.00
17 17 0.75
18 17 1.00
18 18 0.75
18 20 0.50
19 18 1.00
19 19 0.75
20 19 1.00
20 20 0.75
21 20 1.00
21 21 0.75
21 23 0.50
22 21 1.00
22 22 0.75
23 22 1.00
23 23 0.75
24 23 1.00
24 24 0.75
24 26 0.50
25 24 1.00
25 25 0.75
26 24 1.00
26 25 0.75
27 25 1.00
27 26 0.75
27 28 0.50
28 26 1.00
28 27 0.75
29 27 1.00
29 28 0.75
30 28 1.00
30 29 0.75
30 31 0.50
31 29 1.00
31 30 0.75
32 30 1.00
32 31 0.75
33 31 1.00
33 32 0.75
33 34 0.50
34 32 1.00
34 33 0.75
35 33 1.00
35 34 0.75
36 34 1.00
36 35 0.75
36 37 0.50
37 35 1.00
37 36 0.75
38 36 1.00
38 37 0.75
39 37 1.00
39 38 0.75
39 40 0.50
40 38 1.00
40 39 0.75
41 39 1.00
41 40 0.75
42 40 1.00
42 41 0.75
42 43 0.50
43 41 1.00
43 42 0.75
44 42 1.00
44 43 0.75
45 43 1.00
45 44 0.75
45 46 0.50
46 44 1.00
46 45 0.75
47 45 1.00
47 46 0.75
48 46 1.00
48 47 0.75
48 1 0.50
49 47 1.00
49 0 0.75
