150 150 1
v0 0.40
v1 0.61
v2 0.32
v3 -0.51
v4 0.04
v5 -0.81
v6 -0.44
v7 -0.49
v8 0.75
v9 0.05
v10 0.65
v11 -0.98
v12 0.77
v13 0.20
v14 0.06
v15 -0.69
v16 -0.83
v17 -0.03
v18 0.49
v19 -0.30
v20 0.71
v21 0.71
v22 0.96
v23 -0.54
v24 -0.21
v25 -0.79
v26 -0.33
v27 -0.44
v28 -0.59
v29 -0.41
v30 0.69
v31 -0.75
v32 -0.05
v33 0.03
v34 -0.46
v35 -0.31
v36 0.63
v37 0.34
v38 0.86
v39 -0.76
v40 -0.97
v41 0.11
v42 0.41
v43 -0.00
v44 0.86
v45 0.22
v46 0.30
v47 0.36
v48 0.10
v49 0.04
v50 -0.54
v51 0.62
v52 -0.00
v53 -0.74
v54 -0.33
v55 -0.42
v56 0.84
v57 -0.56
v58 0.35
v59 0.87
v60 -0.06
v61 -0.92
v62 -0.51
v63 -0.68
v64 0.56
v65 0.84
v66 0.16
v67 0.09
v68 0.50
v69 -0.30
v70 0.55
v71 1.00
v72 0.82
v73 -0.91
v74 0.71
v75 0.55
v76 0.69
v77 -0.44
v78 0.59
v79 0.01
v80 0.02
v81 0.67
v82 0.02
v83 -0.33
v84 0.62
v85 -0.66
v86 0.47
v87 -0.84
v88 -0.25
v89 -0.02
v90 -0.46
v91 0.40
v92 -0.24
v93 -0.52
v94 -0.17
v95 0.37
v96 0.85
v97 -0.31
v98 0.89
v99 0.19
v100 -0.03
v101 0.19
v102 -0.81
v103 -0.14
v104 -0.79
v105 0.54
v106 0.51
v107 -0.70
v108 0.54
v109 -0.14
v110 0.19
v111 -0.33
v112 0.69
v113 0.30
v114 0.41
v115 -0.09
v116 0.57
v117 0.55
v118 -0.30
v119 0.73
v120 0.95
v121 -0.17
v122 -0.46
v123 0.28
v124 -0.01
v125 -0.96
v126 0.32
v127 0.41
v128 0.22
v129 0.71
v130 -0.12
v131 -0.83
v132 0.08
v133 0.97
v134 0.18
v135 -0.43
v136 -0.45
v137 0.21
v138 0.54
v139 -0.80
v140 0.13
v141 -0.53
v142 0.97
v143 0.84
v144 -0.46
v145 0.30
v146 -0.80
v147 -0.35
v148 0.19
v149 -0.53
C0 L 7.07
C1 L 8.30
C2 L 7.15
C3 L 7.75
C4 L 8.84
C5 L 9.01
C6 L 6.48
C7 L 7.38
C8 L 9.27
C9 L 8.21
C10 L 5.58
C11 L 8.76
C12 L 7.63
C13 L 7.34
C14 L 5.38
C15 L 7.18
C16 L 8.90
C17 L 7.55
C18 L 5.07
C19 L 5.02
C20 L 9.38
C21 L 9.69
C22 L 7.93
C23 L 8.17
C24 L 8.88
C25 L 9.94
C26 L 8.24
C27 L 8.16
C28 L 8.52
C29 L 6.11
C30 L 6.58
C31 L 8.94
C32 L 6.00
C33 L 6.66
C34 L 9.16
C35 L 9.16
C36 L 5.66
C37 L 5.88
C38 L 8.66
C39 L 8.03
C40 L 9.41
C41 L 7.23
C42 L 5.93
C43 L 6.02
C44 L 5.99
C45 L 6.43
C46 L 5.72
C47 L 5.74
C48 L 8.63
C49 L 6.84
C50 L 5.88
C51 L 5.52
C52 L 5.73
C53 L 9.27
C54 L 6.13
C55 L 5.64
C56 L 8.01
C57 L 8.32
C58 L 9.87
C59 L 7.68
C60 L 7.19
C61 L 5.76
C62 L 6.27
C63 L 8.83
C64 L 6.19
C65 L 7.30
C66 L 5.05
C67 L 5.08
C68 L 7.39
C69 L 7.08
C70 L 5.07
C71 L 5.39
C72 L 5.83
C73 L 7.76
C74 L 9.42
C75 L 6.60
C76 L 5.47
C77 L 7.37
C78 L 9.38
C79 L 5.92
C80 L 5.19
C81 L 7.90
C82 L 6.43
C83 L 5.82
C84 L 6.45
C85 L 8.48
C86 L 8.76
C87 L 7.29
C88 L 9.54
C89 L 8.66
C90 L 6.21
C91 L 5.14
C92 L 7.21
C93 L 9.38
C94 L 8.83
C95 L 7.93
C96 L 8.94
C97 L 6.75
C98 L 8.52
C99 L 8.50
C100 L 9.17
C101 L 7.35
C102 L 8.61
C103 L 9.55
C104 L 8.79
C105 L 7.44
C106 L 7.67
C107 L 5.42
C108 L 5.48
C109 L 9.95
C110 L 5.06
C111 L 5.91
C112 L 7.06
C113 L 9.06
C114 L 8.32
C115 L 8.57
C116 L 7.12
C117 L 5.99
C118 L 9.00
C119 L 6.39
C120 L 6.73
C121 L 5.33
C122 L 6.64
C123 L 9.74
C124 L 8.02
C125 L 8.77
C126 L 6.79
C127 L 5.75
C128 L 9.19
C129 L 6.75
C130 L 7.27
C131 L 5.59
C132 L 5.33
C133 L 6.12
C134 L 6.42
C135 L 8.65
C136 L 8.98
C137 L 9.36
C138 L 9.21
C139 L 8.35
C140 L 9.76
C141 L 9.90
C142 L 6.92
C143 L 7.00
C144 L 6.58
C145 L 9.42
C146 L 7.36
C147 L 6.91
C148 L 6.99
C149 L 9.60
0.0 0.0 0.87 0.0 0.0 0.0 0.13 0.0 0.0 0.0 1.26 0.0 0.0 0.19 0.0 0.0 0.0 0.0 0.0 0.0 0.0 1.00 0.0 0.0 0.0 0.0 0.0 0.0 0.0 0.0 0.0 1.79 0.0 0.0 0.0 0.0 0.0 0.0 0.0 0.0 0.0 0.88 0.0 0.0 0.0 0.0 0.0 0.0 0.0 0.0 0.0 1.40 0.0 0.0 1.30 0.0 0.67 0.0 0.0 0.0 0.0 0.0 0.49 0.0 1.54 0.0 0.0 0.0 0.0 1.11 1.98 0.0 0.0 0.0 0.21 0.0 0.23 0.0 0.0 0.0 0.0 0.0 1.54 0.0 0.0 1.37 0.0 0.11 0.0 0.0 0.0 0.24 0.67 0.0 0.0 1.91 0.0 0.0 0.0 0.0 0.0 0.94 0.0 0.0 0.50 0.0 1.05 0.0 0.41 0.0 0.0 0.0 0.0 0.79 0.0 0.0 1.45 0.0 0.0 1.88 0.0 0.0 0.0 0.0 0.0 0.0 0.0 1.49 0.0 0.0 0.0 0.0 0.0 0.0 0.0 0.0 0.0 0.0 1.13 0.0 0.26 0.0 0.0 0.0 0.0 0.0 0.0 0.10 0.0 0.0
0.0 0.0 0.0 0.0 0.58 0.08 0.28 0.0 0.0 0.0 0.0 0.0 0.0 0.0 0.0 0.0 0.0 0.0 0.0 0.0 0.0 0.0 0.12 0.0 0.0 1.30 0.0 0.0 0.0 0.0 0.0 0.0 0.0 0.0 0.0 0.0 1.05 0.72 0.0 0.0 0.83 0.0 0.0 0.0 0.60 0.0 0.0 0.0 0.0 0.64 0.0 0.04 0.0 0.0 0.0 0.0 0.0 0.0 0.0 0.0 1.60 0.0 0.0 0.0 0.0 0.0 1.73 0.0 0.0 0.0 0.0 0.0 0.0 0.0 0.0 0.0 0.0 0.0 0.0 0.0 0.0 0.0 1.46 0.0 0.0 0.0 0.0 0.0 0.0 0.0 0.0 1.09 0.0 0.0 0.0 0.0 0.0 0.0 1.82 0.32 0.0 0.0 0.0 0.0 0.0 0.0 0.0 0.0 0.0 0.0 1.44 0.0 0.0 0.0 0.0 0.0 0.0 0.0 0.0 0.0 0.0 0.0 0.0 0.0 0.57 0.0 0.0 0.0 0.0 0.38 0.0 0.0 0.0 0.0 0.0 0.0 0.0 0.48 0.0 0.0 0.0 0.0 0.0 0.0 0.39 0.0 0.0 0.0 0.0 0.0
0.0 0.0 0.0 0.0 0.0 0.0 0.0 0.0 0.0 1.90 1.70 0.0 0.0 1.04 0.0 0.0 0.0 0.95 0.0 0.24 0.0 0.0 1.07 0.0 0.0 0.0 0.0 0.0 0.0 0.0 0.0 1.25 0.0 0.92 0.0 1.98 0.41 0.52 0.0 0.0 1.53 0.0 0.0 0.0 0.0 1.34 0.0 0.0 0.81 0.0 0.0 0.0 0.0 0.0 0.55 0.0 0.0 0.0 0.0 0.0 0.0 0.0 0.0 0.0 0.0 0.0 0.0 0.0 0.57 0.0 0.0 0.0 0.0 0.0 0.0 0.0 0.0 0.82 0.68 0.0 0.0 0.32 0.0 0.14 0.0 0.0 0.0 0.0 0.0 0.0 0.0 0.0 0.0 0.0 1.95 0.0 0.0 0.0 0.37 0.26 1.59 0.47 0.0 0.0 0.64 1.87 0.89 0.0 0.0 0.09 0.0 0.0 0.0 1.62 1.34 0.0 0.0 0.59 0.0 0.77 0.0 0.0 0.55 0.0 0.0 0.0 0.0 0.0 0.0 0.0 0.0 0.0 0.0 0.0 0.0 0.0 0.0 0.0 1.24 1.70 0.0 0.0 0.0 0.0 0.0 0.0 0.0 0.0 1.40 0.0
0.0 0.0 0.0 0.0 0.0 1.91 1.13 0.0 0.0 1.72 0.88 0.0 0.0 0.0 0.0 0.16 0.0 0.0 0.0 0.0 0.0 0.0 0.0 0.0 1.65 0.0 0.0 0.0 0.0 0.0 0.0 0.0 0.08 0.0 0.84 0.0 0.0 0.0 0.0 0.0 0.0 0.0 0.0 0.0 0.0 0.0 0.0 0.0 0.0 0.0 0.0 0.73 0.0 0.0 0.0 0.0 0.0 0.0 0.0 0.0 0.0 0.0 0.0 0.0 0.47 0.68 0.0 0.0 0.92 0.0 0.0 0.0 0.0 0.0 0.0 1.43 0.0 1.65 0.0 0.90 0.0 0.0 0.0 0.0 0.0 0.0 0.0 0.0 0.0 0.0 0.0 0.0 0.0 0.64 0.0 0.0 0.0 0.0 0.0 0.0 0.0 0.0 1.84 0.0 0.02 0.0 0.94 0.0 0.0 0.0 0.10 0.87 0.28 0.0 0.0 1.29 0.0 0.0 0.0 0.0 0.0 0.0 0.0 0.0 0.0 0.0 0.0 0.0 0.0 0.0 0.0 0.0 0.0 1.17 0.0 1.75 0.0 0.0 1.20 0.0 0.0 0.0 0.0 0.91 0.19 0.0 0.0 0.44 0.0 0.0
0.89 0.0 0.0 0.0 0.0 0.0 0.0 0.0 1.96 0.0 0.0 0.0 0.0 0.0 0.0 0.0 0.0 0.0 0.38 1.41 0.0 0.0 0.0 0.0 0.0 0.0 0.0 1.36 0.0 0.0 0.0 1.64 0.56 0.0 0.0 0.0 0.0 0.74 0.0 0.0 0.0 0.0 0.0 0.0 0.97 0.0 0.0 0.46 0.0 0.0 0.08 0.72 0.0 0.0 0.0 0.0 0.57 0.0 0.34 0.0 0.0 0.83 0.0 0.0 1.05 1.13 0.0 0.0 0.0 1.27 0.0 0.0 0.0 0.0 0.0 0.0 0.0 0.0 0.0 1.50 1.38 0.0 0.0 0.0 0.0 0.0 0.0 0.0 0.0 0.0 0.0 0.0 0.0 0.0 0.0 0.0 0.0 0.0 0.0 0.0 0.0 0.0 0.0 0.0 0.0 0.0 0.0 0.0 0.0 0.68 0.0 0.0 0.0 0.0 0.74 0.0 0.48 0.0 0.0 0.0 0.0 0.0 0.0 0.69 0.0 0.0 0.0 0.0 1.43 1.35 0.0 0.0 0.0 0.0 0.0 0.46 0.0 0.0 0.65 0.0 0.0 0.0 0.0 0.0 0.0 1.10 0.01 0.0 0.0 1.91
0.0 0.0 0.0 0.0 0.0 0.0 0.0 1.07 0.0 0.0 0.0 1.24 0.0 0.0 0.0 0.0 0.0 0.0 0.0 0.0 0.0 0.0 0.0 0.0 0.0 0.0 0.0 0.0 0.0 0.33 0.0 0.0 0.0 0.0 0.0 0.0 0.0 0.65 0.0 0.0 0.0 1.87 0.0 0.0 0.0 0.0 0.0 0.0 0.0 0.0 0.0 0.0 0.0 0.0 1.65 0.0 0.0 0.0 0.0 0.0 0.0 0.0 0.0 0.63 0.0 0.0 0.0 0.0 0.0 0.0 0.0 0.95 0.0 0.0 0.0 0.01 0.0 0.68 0.0 0.0 0.0 0.0 0.0 0.0 0.0 0.0 0.16 1.40 0.0 0.0 0.0 0.0 0.0 1.43 0.0 0.0 0.0 0.0 0.0 0.17 0.0 0.0 0.80 0.0 0.0 0.0 0.0 0.0 0.0 1.65 0.0 0.0 1.84 0.0 0.0 0.0 0.0 1.17 0.0 0.0 0.0 0.0 0.0 0.0 0.0 0.0 0.0 0.0 0.0 0.0 0.0 0.0 0.94 0.0 0.0 0.0 0.0 0.0 0.0 0.0 0.0 0.0 0.0 0.0 0.0 0.0 0.0 0.0 0.0 0.0
0.0 1.10 0.30 0.0 0.0 0.0 0.78 0.0 0.49 0.0 0.96 0.0 1.96 1.07 0.0 0.0 0.90 0.0 0.0 0.0 0.0 0.0 0.0 0.0 1.06 0.0 0.0 0.16 0.0 0.0 0.0 0.0 0.0 2.00 0.0 0.0 0.0 0.0 0.0 0.79 0.0 0.0 0.0 0.0 0.53 0.0 0.81 0.0 0.0 0.0 0.0 0.0 0.0 1.47 0.0 0.0 0.0 0.62 0.0 0.0 1.92 0.80 0.0 0.0 0.0 0.0 0.34 0.0 0.0 0.0 0.0 0.0 0.0 0.0 0.0 0.0 0.0 0.0 0.0 0.0 0.0 0.71 0.0 0.0 0.0 0.0 0.0 0.0 0.34 0.0 0.0 1.57 0.0 0.0 0.0 0.72 0.0 0.0 0.0 0.0 0.09 1.21 0.0 0.0 0.0 0.52 0.0 0.0 0.0 0.0 0.37 0.0 0.0 0.0 0.0 0.0 1.50 0.0 0.0 0.0 0.0 0.0 0.0 0.0 0.0 0.0 0.0 0.0 0.0 0.0 0.0 0.0 0.0 0.0 0.83 0.0 0.0 0.01 0.0 0.0 0.0 0.0 0.0 0.0 0.0 0.0 1.15 0.0 0.55 1.76
0.0 0.10 0.88 0.0 0.0 0.0 0.0 0.0 0.0 1.48 0.0 0.0 0.0 0.0 0.0 1.99 0.0 1.49 0.0 0.0 0.0 0.0 1.94 0.0 0.0 0.0 0.80 0.0 1.73 0.86 1.29 0.0 0.0 0.0 1.27 0.0 0.0 0.0 0.0 0.0 0.0 0.0 0.0 1.21 0.0 0.0 0.0 0.0 0.0 1.96 0.0 0.0 0.0 0.0 0.0 0.0 0.0 0.0 0.0 0.0 0.0 0.0 0.0 0.0 0.0 0.0 0.0 0.0 0.0 0.34 0.0 0.0 1.79 0.81 0.0 0.0 0.0 0.0 1.21 0.0 1.73 0.0 0.0 0.0 0.0 0.0 0.0 0.0 0.39 1.98 1.87 0.0 0.0 0.0 0.0 0.0 0.0 0.0 0.0 0.0 0.0 0.08 0.0 0.0 1.62 0.0 1.27 1.39 0.0 0.0 0.0 0.0 0.0 0.0 0.0 0.69 0.0 0.0 0.0 0.0 1.35 0.0 0.0 1.15 0.0 0.0 0.0 0.0 0.0 0.0 0.0 0.0 0.0 0.0 0.0 0.0 0.0 1.59 0.0 0.0 0.0 0.0 0.0 0.0 0.0 1.17 0.0 0.0 0.0 0.24
0.0 0.0 0.0 0.0 0.0 0.63 0.0 0.0 0.0 0.0 0.0 0.0 0.0 0.0 0.0 0.0 0.0 0.0 0.0 0.35 0.0 1.75 0.0 0.0 1.55 1.99 0.21 0.0 0.0 0.0 0.0 0.0 0.0 0.0 0.0 1.78 0.0 0.0 0.0 1.23 0.0 0.0 0.0 0.0 0.0 0.37 0.0 0.0 0.0 0.0 0.0 0.0 0.0 0.0 0.0 0.0 0.0 0.0 1.75 0.0 0.0 0.0 0.0 0.0 0.0 0.05 0.11 0.0 0.46 0.0 0.0 0.0 0.0 0.20 0.86 0.0 0.0 0.0 0.0 0.0 0.0 0.0 0.0 0.0 0.0 0.0 0.0 0.0 0.0 0.0 0.0 0.0 0.0 0.0 0.0 0.0 1.72 0.0 0.46 0.0 1.70 0.0 0.0 0.0 0.0 0.0 0.0 0.0 0.0 0.0 0.0 1.76 0.0 0.0 0.0 0.0 0.0 0.0 0.0 0.0 0.0 1.96 0.0 0.33 0.0 0.0 0.0 0.0 0.0 0.20 0.0 0.0 0.0 0.11 1.25 0.0 0.0 0.0 0.0 0.96 0.0 0.0 0.0 0.0 0.0 0.0 0.0 0.0 0.0 0.0
0.0 0.0 0.0 0.0 0.0 0.0 0.0 0.0 0.0 0.0 0.0 0.0 0.0 1.73 0.0 0.0 0.0 0.0 0.0 0.54 0.93 0.0 0.0 1.98 0.0 0.0 0.0 0.0 0.0 0.0 0.0 0.0 0.0 1.69 0.0 0.0 1.61 0.0 0.0 0.0 0.0 0.0 0.0 0.0 0.0 0.0 0.0 0.0 1.56 0.0 0.0 0.0 0.0 0.0 0.0 0.0 0.0 0.0 0.0 0.0 0.0 0.0 0.0 0.0 0.0 0.0 1.87 0.0 0.0 0.0 0.0 1.18 0.0 0.0 0.0 1.96 1.61 0.0 0.0 0.0 0.0 0.0 0.0 0.0 0.0 0.0 0.0 0.0 0.26 0.0 0.0 0.0 0.0 0.0 0.0 0.0 0.0 0.29 0.0 0.0 0.0 0.0 0.0 0.0 0.0 0.0 0.0 0.0 0.60 0.0 0.0 0.0 0.0 0.0 1.02 0.0 0.0 0.0 1.24 0.0 0.0 0.0 0.0 0.98 0.0 0.85 0.0 0.0 0.0 0.0 0.0 0.0 0.0 0.0 0.0 0.0 0.0 0.23 0.0 1.16 0.0 0.0 0.79 0.0 0.0 0.0 0.0 0.17 0.0 1.99
0.0 0.60 0.0 0.0 0.0 0.0 1.72 0.0 1.62 0.0 0.0 1.16 0.0 0.0 0.0 0.0 0.0 0.0 0.0 0.0 0.0 0.0 0.0 1.74 0.0 0.0 0.0 0.0 0.0 0.01 0.0 0.0 0.0 0.0 1.14 0.0 0.0 0.0 0.0 0.0 0.0 0.0 0.0 0.0 1.23 0.0 1.58 1.32 0.65 0.0 0.0 0.20 0.0 0.0 0.0 0.0 0.0 0.0 0.99 0.0 0.0 0.72 0.0 0.0 0.0 0.0 0.0 0.0 0.0 0.0 0.0 0.51 1.53 0.0 1.23 0.0 1.63 0.0 0.0 0.0 0.0 0.0 0.0 0.0 0.0 0.0 0.0 0.0 0.96 0.0 0.0 1.37 0.0 0.0 1.89 0.07 1.77 0.0 0.0 0.0 1.45 0.0 0.0 0.0 1.89 0.0 0.53 0.0 0.0 0.0 0.0 0.0 0.0 0.0 0.0 0.71 0.0 0.66 0.0 0.0 0.47 0.0 0.0 0.44 0.0 0.0 0.89 0.0 0.0 0.0 0.0 0.0 0.0 0.0 0.95 0.0 0.0 0.0 0.0 0.54 0.0 0.0 0.0 0.75 0.0 0.0 1.24 0.0 0.36 0.0
0.0 0.97 0.0 0.0 0.0 0.0 0.0 0.0 0.0 0.0 0.0 0.0 0.0 0.0 0.01 0.0 0.0 0.0 0.0 0.0 0.0 0.0 0.0 0.0 0.0 0.0 0.0 0.0 1.00 0.0 0.0 0.0 0.0 0.0 0.0 0.0 1.85 0.0 0.0 0.0 0.0 0.23 0.0 0.0 0.0 0.0 0.0 0.0 0.0 0.0 0.0 0.0 0.0 0.0 0.0 0.0 0.0 0.0 0.0 0.04 1.15 0.0 0.0 0.0 0.0 0.0 0.0 0.0 0.03 0.0 0.0 0.0 0.0 0.0 0.0 0.0 0.0 0.0 0.0 0.0 1.74 0.0 0.08 0.0 0.0 0.0 0.0 0.0 0.0 0.0 0.04 1.44 0.0 1.95 0.0 0.0 0.0 0.0 0.0 0.0 0.0 0.0 0.0 0.0 0.0 1.96 0.0 0.0 0.0 0.0 0.0 1.10 0.0 0.0 0.0 0.0 0.0 0.0 1.94 0.0 0.0 0.0 0.0 0.0 0.0 0.0 0.12 0.0 0.0 0.0 0.0 0.0 1.53 0.0 1.16 0.0 0.0 0.0 0.0 0.0 0.0 0.0 0.0 1.17 0.43 0.0 0.0 0.0 0.0 0.0
0.0 0.0 0.0 0.0 0.0 0.0 0.0 0.0 1.35 0.0 0.0 0.0 0.0 0.0 0.0 0.0 1.82 0.0 1.54 0.0 0.0 0.0 0.0 0.0 0.0 0.0 0.0 0.0 0.0 0.0 0.0 0.83 0.0 0.0 0.0 0.56 0.0 0.0 0.0 0.0 0.0 0.0 0.75 0.0 0.0 0.0 0.0 0.0 0.0 1.59 0.0 0.0 1.29 0.0 0.0 0.0 0.0 1.97 0.0 0.0 0.0 0.0 0.0 0.0 0.0 0.0 0.0 1.02 0.0 0.0 0.0 0.0 0.0 0.0 0.0 0.0 0.30 0.03 0.01 0.0 0.0 0.0 0.0 0.0 0.0 0.0 0.0 0.0 0.90 1.83 0.0 0.0 0.0 0.0 1.11 0.0 0.0 0.0 0.0 1.64 0.0 0.0 0.0 0.0 0.0 0.0 0.0 0.0 0.0 0.0 0.0 0.0 0.0 1.15 1.59 0.0 0.41 0.0 0.29 0.0 0.0 0.0 0.0 0.0 0.0 0.0 0.0 0.0 0.0 0.0 0.0 0.0 0.0 0.0 0.97 0.0 0.0 0.0 0.44 0.0 0.26 0.0 0.0 0.31 0.0 0.0 0.0 0.0 0.0 0.12
0.0 0.86 0.0 0.0 0.0 0.0 0.0 0.0 0.0 0.91 0.98 0.0 0.0 0.0 0.0 0.0 0.0 0.0 0.0 0.07 0.0 0.0 0.0 0.65 0.0 0.66 0.0 1.91 0.0 0.0 0.0 0.0 0.0 0.0 0.0 0.99 0.0 1.75 0.10 0.0 0.0 0.0 0.0 0.0 0.0 0.0 0.0 1.10 1.58 0.0 0.0 1.27 0.0 1.09 1.52 0.31 0.0 0.0 0.0 0.0 0.0 0.0 1.22 0.0 0.0 0.0 0.0 0.0 0.83 0.0 0.0 0.03 0.0 0.0 0.0 0.0 0.0 0.67 0.61 0.0 0.0 0.0 1.53 0.0 0.0 0.0 0.0 0.0 0.0 0.0 0.0 0.0 0.0 0.0 1.27 1.35 0.0 0.0 0.0 0.0 0.0 0.0 1.41 0.0 0.0 0.0 0.0 0.0 0.0 0.0 0.0 0.0 0.0 0.0 0.0 0.0 0.0 0.0 0.87 0.0 1.54 0.0 1.19 0.0 0.0 1.62 0.0 1.58 0.0 0.0 0.0 1.87 0.0 0.0 1.51 0.0 0.0 0.0 0.0 0.0 0.68 1.46 0.0 0.0 0.90 0.0 0.0 0.0 0.0 0.0
1.09 0.0 0.0 0.43 0.0 0.0 0.0 0.0 0.0 0.0 0.0 1.69 0.0 1.44 0.0 0.82 0.0 0.0 0.0 0.0 0.0 0.0 0.0 0.0 0.48 1.74 0.0 0.0 0.0 0.0 0.0 0.0 0.0 1.33 0.0 1.85 0.0 0.0 0.0 0.0 1.11 0.0 0.0 0.0 0.0 0.0 1.83 0.0 0.0 0.0 0.0 0.0 0.0 0.0 0.40 0.0 0.0 0.0 0.59 0.0 0.96 0.0 0.0 0.0 0.0 0.0 0.0 0.0 0.0 0.80 0.0 0.0 0.0 0.0 0.0 0.0 0.0 0.0 0.07 0.0 0.26 0.0 0.0 0.0 0.0 0.0 0.0 0.0 0.0 0.0 0.0 0.0 0.0 0.0 1.98 0.0 0.0 0.0 0.0 0.0 0.0 0.0 0.0 0.0 0.0 0.0 0.0 0.0 0.0 0.0 1.35 0.0 0.0 0.0 0.45 0.0 0.0 0.0 0.0 0.0 0.0 0.0 1.69 0.0 0.0 0.0 0.0 0.0 0.0 0.0 0.0 1.39 0.0 0.0 1.48 0.0 0.0 0.0 1.17 0.0 0.0 0.62 0.0 0.0 0.0 0.59 0.14 0.0 0.0 0.0
1.81 0.43 0.0 0.0 0.0 0.0 0.59 1.43 0.0 1.58 0.0 0.0 0.0 0.0 0.0 0.0 0.0 0.0 0.0 0.75 0.0 0.0 1.75 0.0 0.0 0.0 0.0 0.0 0.0 0.0 0.0 0.57 0.0 0.0 0.0 0.0 0.0 0.0 0.0 0.23 0.54 0.0 0.0 0.80 0.0 0.0 0.0 0.0 1.60 0.0 0.28 1.26 0.0 0.0 0.0 0.0 0.06 0.0 0.0 0.0 0.46 0.0 0.0 0.0 0.92 0.20 0.0 1.60 0.0 0.0 0.0 0.0 0.0 0.0 0.0 0.0 0.0 0.0 0.0 0.0 0.0 0.0 0.0 0.25 0.0 0.0 0.40 1.00 0.0 0.0 0.0 0.0 1.45 0.0 0.59 0.0 0.0 0.0 0.0 1.03 0.0 0.0 0.0 0.0 0.0 0.0 0.0 0.0 0.0 0.0 0.0 0.0 0.53 0.0 0.0 0.0 0.0 1.34 0.0 0.0 0.81 0.0 0.0 0.0 0.0 0.0 0.0 0.0 0.0 0.0 0.0 0.0 0.0 0.0 0.0 0.61 0.0 0.0 0.0 0.0 0.0 0.0 0.0 0.0 0.0 0.0 0.0 0.0 0.10 0.0
0.0 0.0 0.09 0.0 1.30 0.0 0.0 0.0 0.0 0.0 0.0 0.0 0.0 0.0 0.17 0.0 0.0 0.0 0.0 0.0 0.0 0.19 0.0 0.0 0.99 0.0 0.0 0.0 1.38 1.39 0.0 1.18 0.0 0.0 0.0 0.0 0.0 0.0 0.0 0.0 0.0 0.0 0.51 0.0 0.0 0.77 0.0 0.0 0.0 1.03 0.0 0.0 0.0 0.0 0.0 0.66 0.0 0.57 0.0 0.0 0.16 0.0 1.55 0.0 0.0 0.0 0.0 0.05 0.0 0.0 0.0 0.0 1.45 0.0 0.0 0.0 0.0 0.0 0.23 0.0 0.0 0.0 0.0 1.14 0.0 0.0 1.98 0.0 0.0 0.21 0.0 0.0 0.0 0.0 0.35 0.0 0.0 0.0 0.79 0.0 0.07 0.0 0.0 0.0 0.0 0.0 0.0 1.00 0.0 0.72 0.0 0.0 0.0 1.73 0.0 0.0 0.0 0.0 0.0 0.0 0.0 0.0 0.0 1.48 0.0 0.0 1.57 0.0 0.0 0.0 0.0 0.0 0.0 0.0 0.0 0.0 0.0 0.0 0.0 0.61 0.0 0.0 0.0 0.0 0.0 0.41 0.0 0.31 0.82 1.12
0.0 0.0 0.0 0.0 1.53 0.0 0.0 1.42 0.0 0.0 1.33 0.0 0.0 0.0 1.48 1.31 0.0 0.94 0.0 0.0 0.0 0.0 0.0 0.0 0.0 0.0 0.0 0.30 0.0 0.0 0.0 0.0 0.0 0.0 0.0 0.0 0.0 0.0 0.0 0.0 1.47 0.0 0.0 1.75 0.0 0.0 0.0 0.0 0.0 0.78 0.0 0.0 0.0 0.0 0.0 0.0 0.0 0.0 0.0 0.0 0.0 0.0 0.0 0.0 0.0 0.0 0.0 0.0 0.0 0.0 0.0 0.0 1.29 0.0 0.0 0.30 0.0 0.0 0.0 0.0 0.0 0.0 0.0 0.0 0.0 0.0 1.22 0.0 0.0 0.0 0.0 0.0 0.0 0.0 0.02 0.0 0.63 1.06 0.0 0.0 1.51 0.0 0.0 0.0 0.0 0.0 0.0 0.0 0.14 0.98 0.0 0.0 0.0 0.0 0.26 1.15 0.0 0.0 0.0 0.0 0.0 0.0 0.0 0.0 0.86 0.0 0.0 0.0 0.0 0.0 0.90 0.0 0.0 0.0 0.0 0.12 0.0 0.0 0.0 0.0 0.0 0.0 0.0 0.0 0.0 0.0 0.31 0.0 0.30 0.0
0.54 1.95 0.63 0.0 0.0 0.0 0.56 0.0 0.22 0.0 0.0 0.0 0.15 0.0 0.0 0.0 0.0 0.00 0.0 0.0 0.0 1.16 0.0 0.0 0.0 0.0 0.0 0.26 0.0 0.0 0.0 0.0 0.0 0.0 1.55 0.0 0.0 0.0 0.0 0.0 0.80 0.0 0.05 0.0 1.27 0.0 0.0 0.0 0.0 1.34 0.0 0.0 0.0 0.0 0.0 1.63 1.85 0.03 0.0 0.0 1.26 0.69 0.25 1.39 1.49 0.0 0.0 0.0 0.0 0.0 0.0 1.06 0.0 0.21 0.0 0.0 0.0 0.0 1.62 1.10 0.0 0.61 0.0 0.0 0.0 0.89 0.0 0.0 0.0 0.0 0.0 0.0 0.0 0.0 0.0 2.00 0.0 0.0 0.0 0.27 0.0 0.0 0.0 0.29 1.30 0.0 0.14 0.0 1.90 0.0 0.0 1.43 0.0 0.92 0.0 0.0 0.0 1.72 0.0 0.0 0.0 0.0 0.0 0.0 0.0 0.0 0.0 0.0 0.95 0.0 0.0 0.0 0.0 0.62 0.66 0.0 0.0 0.0 0.0 0.0 0.0 0.11 0.39 0.97 1.32 0.0 0.0 0.0 0.0 0.0
0.0 0.30 1.82 0.0 0.0 0.0 0.0 0.0 0.0 0.0 0.0 1.25 0.0 0.0 0.0 0.0 0.0 0.0 0.0 0.0 0.0 0.0 0.0 0.56 0.27 0.0 0.0 0.0 0.0 0.0 0.0 0.0 0.0 0.30 0.92 0.0 0.0 0.0 0.0 1.34 0.0 1.27 0.0 1.63 0.0 0.0 0.0 0.0 0.0 1.76 0.0 1.79 0.0 0.0 0.17 0.0 0.0 0.0 0.0 0.0 0.0 0.0 0.0 0.0 0.0 0.0 0.0 1.30 0.0 0.0 0.0 0.0 0.0 1.82 0.0 1.21 0.0 0.0 0.0 0.31 0.0 0.0 0.0 0.0 0.0 0.08 0.0 0.0 0.0 0.0 0.0 1.94 0.0 0.0 0.0 0.0 0.0 0.46 1.73 1.82 0.0 0.0 0.0 0.0 0.0 0.0 0.0 0.0 0.0 0.0 0.0 0.0 1.02 1.24 0.04 0.0 0.0 0.0 0.0 0.09 0.0 1.57 0.0 0.0 0.0 1.23 1.90 0.0 0.0 0.27 0.0 0.0 0.0 0.86 0.79 0.0 0.0 0.0 0.0 0.0 0.0 0.0 0.0 0.0 0.0 0.38 0.0 1.13 1.94 0.0
0.0 0.0 0.0 1.15 0.0 0.0 0.0 0.0 1.09 0.0 0.0 1.48 0.82 0.0 0.0 0.0 0.0 0.0 0.0 0.0 0.0 0.0 0.0 0.0 1.30 1.82 0.0 0.0 0.0 0.0 0.0 1.26 0.0 0.0 0.0 0.0 1.84 0.0 0.0 0.0 0.0 0.0 0.0 1.35 0.0 1.75 0.68 1.10 0.0 0.0 0.0 0.99 0.0 0.0 1.94 0.0 0.0 0.0 0.0 0.0 0.0 0.0 0.0 0.0 0.0 0.0 0.0 0.0 0.0 0.0 1.19 0.13 0.0 0.0 0.0 0.0 0.0 0.0 0.18 0.0 0.0 0.0 0.0 1.06 0.0 0.0 0.0 0.0 0.0 0.0 0.0 0.0 0.60 0.0 0.0 0.0 0.0 1.52 0.0 0.0 0.0 0.0 1.59 0.0 0.0 0.0 0.0 0.0 1.28 1.39 0.0 1.50 0.0 0.63 0.0 0.0 0.0 0.0 0.0 0.0 0.0 0.0 1.29 0.0 1.86 0.0 0.0 0.0 0.0 0.0 0.0 0.0 0.0 1.08 0.0 0.0 0.0 0.0 0.0 1.08 0.0 0.0 0.0 0.0 0.0 0.0 0.0 0.0 0.0 0.0
0.0 0.0 0.0 0.0 0.0 0.0 0.0 0.0 0.0 0.0 0.0 0.0 0.0 0.0 0.0 0.08 0.0 0.0 0.0 0.0 0.0 0.0 0.0 0.44 0.0 0.0 0.0 0.0 0.0 0.46 0.0 1.35 0.09 0.0 0.0 0.0 0.0 0.0 0.0 1.09 0.0 0.0 0.0 0.0 1.04 0.0 0.0 0.95 0.0 0.0 0.0 0.0 1.54 0.0 0.0 1.80 0.0 0.0 1.39 0.0 0.0 0.0 0.0 0.0 0.0 0.0 1.66 0.0 0.0 0.0 0.0 0.0 0.92 0.0 0.0 0.0 0.0 0.0 0.0 0.0 0.0 0.0 0.0 0.0 0.0 0.0 0.0 0.0 0.0 0.0 0.0 1.28 0.0 0.0 0.0 0.0 0.0 0.0 0.0 0.0 0.0 0.0 0.0 1.43 0.09 0.0 0.0 0.0 0.0 0.0 0.0 0.0 0.0 0.0 0.0 0.0 0.0 0.13 0.0 0.0 1.48 0.88 0.0 0.0 0.0 0.0 0.0 0.0 0.85 0.0 1.58 0.0 0.0 0.0 1.63 0.0 0.0 0.11 1.88 0.0 0.0 0.0 0.0 0.0 0.0 0.0 0.0 0.90 0.63 0.0
0.0 0.12 0.0 0.0 0.0 1.41 0.01 0.0 1.26 0.68 0.0 0.0 0.0 0.0 0.0 0.0 0.0 0.0 0.0 0.0 1.18 0.0 0.0 0.0 0.0 0.0 0.0 0.63 0.0 0.0 0.0 0.79 0.0 0.0 0.0 0.0 0.0 0.0 0.0 0.0 0.0 1.26 0.06 0.0 0.0 0.0 0.0 0.0 0.0 0.0 0.63 0.0 0.0 0.0 0.0 0.0 0.0 0.0 0.0 1.65 1.36 1.23 0.0 0.0 0.0 0.0 0.0 0.38 0.0 0.0 0.0 0.0 0.0 0.0 0.0 0.0 0.0 0.0 0.0 0.0 0.0 0.0 0.0 0.0 0.0 0.0 0.0 0.0 0.0 0.0 0.0 0.0 0.0 0.0 1.82 0.0 0.0 0.0 0.0 0.67 1.53 1.21 0.0 0.0 0.0 0.0 0.0 0.0 0.0 1.07 0.0 0.0 0.0 0.0 0.0 0.0 0.0 0.0 0.0 0.0 1.43 0.0 1.80 0.44 0.0 0.0 0.0 0.0 0.0 1.41 0.0 0.0 0.0 0.0 0.65 0.0 0.0 0.0 0.0 0.0 0.0 0.0 1.28 0.0 0.0 0.0 0.0 0.0 0.0 0.0
0.0 0.0 0.0 1.20 0.0 0.0 1.68 0.0 0.0 1.32 0.0 0.0 0.0 0.92 0.0 0.0 0.0 1.55 0.0 0.0 0.0 0.0 0.10 0.0 0.0 0.0 0.0 0.0 0.0 0.0 0.0 0.0 0.0 0.0 0.0 0.0 0.0 0.0 2.00 0.0 0.0 1.25 0.0 0.0 0.0 1.15 0.0 0.0 0.0 0.0 0.0 0.0 0.0 0.45 0.0 0.0 0.0 0.0 1.60 1.25 0.0 1.15 0.0 0.0 0.0 1.40 0.0 0.0 1.91 0.0 0.0 0.0 0.0 0.0 0.0 0.0 0.0 0.76 0.91 0.0 0.0 0.0 0.0 0.0 1.65 0.0 0.0 1.69 0.0 0.0 0.0 0.0 0.0 0.0 0.0 1.22 0.62 0.03 0.0 0.0 0.0 0.0 0.02 0.0 0.0 0.0 0.0 0.0 0.0 0.0 0.0 0.0 0.0 0.0 0.0 0.77 0.0 0.0 0.0 0.0 1.26 0.0 0.0 0.0 0.0 0.0 0.0 0.0 0.0 0.0 0.0 0.97 0.0 0.0 0.0 0.0 0.0 0.0 0.0 0.0 0.61 0.0 0.08 0.0 0.0 0.0 0.0 0.0 1.13 0.0
1.64 0.0 0.0 1.50 0.0 0.0 0.0 0.0 1.21 0.0 0.0 0.0 0.30 0.01 0.0 1.16 0.0 0.0 0.0 0.0 0.0 0.0 0.00 1.79 0.0 0.0 0.0 0.0 0.0 0.0 0.0 0.0 0.0 0.0 0.0 1.61 0.58 1.79 0.0 0.0 0.96 0.0 0.0 0.0 0.0 0.0 0.0 0.0 0.0 1.31 0.0 1.65 0.0 0.0 0.0 0.0 1.90 0.0 0.60 0.0 0.0 0.0 0.0 0.0 0.0 1.01 0.0 0.0 0.0 0.98 0.0 0.0 0.0 0.0 0.0 1.50 0.0 0.0 0.0 0.0 0.0 1.55 0.0 0.0 0.0 0.0 0.0 0.0 0.0 0.0 0.0 0.0 0.0 0.0 0.0 0.0 0.0 0.0 0.0 0.0 0.0 0.0 0.0 0.0 0.40 0.0 0.0 0.0 0.0 0.0 0.0 0.0 0.0 0.0 0.0 0.0 0.0 0.22 0.37 0.0 0.0 0.0 0.0 0.0 0.0 0.0 0.0 0.0 0.0 0.0 0.0 0.75 0.0 0.0 1.83 0.0 0.0 0.0 0.0 0.0 1.34 0.0 0.0 0.0 0.0 1.75 0.0 1.18 0.24 0.0
0.0 0.0 0.0 0.0 0.0 0.0 0.0 0.56 0.0 0.0 1.07 0.0 0.52 0.0 0.0 0.0 0.0 0.0 0.67 0.0 0.0 0.0 0.0 0.0 0.0 0.0 0.0 0.0 0.29 1.71 0.0 0.0 0.98 0.0 0.0 0.0 0.0 0.0 0.0 0.0 0.0 0.0 0.0 0.0 0.31 1.42 0.0 1.65 0.0 1.61 0.0 0.0 0.0 0.77 1.71 0.0 0.0 0.0 0.0 0.0 0.0 0.0 0.0 0.0 0.0 0.0 0.0 0.0 0.0 0.0 0.0 0.18 0.0 0.0 1.00 0.0 0.0 0.95 0.0 0.0 0.0 0.0 0.0 0.0 0.0 0.0 0.0 0.0 0.0 0.0 0.66 0.0 0.0 0.0 0.0 0.0 0.0 0.0 1.41 0.0 0.0 0.0 0.0 0.0 0.0 0.0 0.0 0.0 0.0 0.0 0.0 0.0 0.0 0.0 0.0 0.0 0.0 0.0 0.0 1.50 0.0 0.0 0.0 0.37 0.0 0.0 0.0 0.0 0.0 0.0 0.07 0.0 0.0 0.0 1.22 1.95 0.88 0.0 0.0 0.0 0.0 0.0 0.0 0.43 0.0 0.0 0.0 0.0 0.0 0.92
0.0 0.0 0.0 0.0 1.77 1.31 0.0 0.0 0.0 0.0 0.0 0.0 0.0 0.0 0.0 0.0 0.0 0.0 0.0 0.0 1.95 0.0 1.84 0.03 0.0 0.0 0.0 0.0 0.0 0.0 0.0 0.0 0.37 0.0 0.72 1.58 0.0 0.0 0.0 1.10 0.0 0.0 0.0 0.64 0.0 0.0 0.0 0.0 0.0 0.0 0.37 0.0 0.0 0.0 0.0 0.0 0.0 0.0 0.0 0.64 0.0 0.0 0.0 0.0 0.43 0.54 0.0 0.0 0.0 0.0 1.92 0.0 0.0 0.0 0.0 0.0 0.0 0.0 0.0 0.0 0.0 0.0 0.0 0.54 0.0 1.65 1.61 0.0 0.0 1.43 0.0 0.0 0.0 1.55 0.77 0.0 0.0 0.0 0.0 0.0 0.0 0.0 0.0 1.56 0.03 0.0 0.0 1.78 0.0 0.0 0.0 0.0 1.98 0.0 0.0 1.72 0.0 0.0 0.0 0.0 0.0 1.56 0.0 1.75 0.0 0.0 0.0 0.0 0.0 0.0 0.0 0.0 0.0 0.0 0.0 0.0 0.0 0.0 0.0 0.0 0.0 0.72 0.96 1.48 0.0 0.0 0.0 0.0 1.51 0.0
0.0 0.0 0.0 0.91 0.70 0.0 0.0 0.0 0.0 0.0 0.0 1.57 0.0 0.0 1.08 0.0 0.0 0.0 0.0 0.0 0.0 0.0 1.01 0.0 0.0 0.0 0.0 0.0 0.0 0.0 0.25 0.91 0.0 0.0 0.0 0.0 0.0 0.0 0.83 0.0 0.0 0.0 0.0 0.0 0.0 0.0 0.19 0.0 0.0 0.0 0.59 0.0 0.0 0.0 1.55 0.0 0.0 0.0 0.0 0.0 0.0 0.0 0.0 0.0 0.73 0.0 0.61 0.0 0.0 0.0 0.0 0.0 0.0 0.0 0.0 0.0 0.44 0.0 0.00 0.0 0.0 0.0 0.0 0.0 0.0 0.0 0.0 0.0 0.0 0.0 0.0 1.03 0.0 0.0 0.0 0.0 0.0 1.56 1.39 0.0 0.0 0.16 0.0 0.0 0.0 1.54 0.0 0.0 0.0 0.0 0.0 0.0 0.06 0.33 0.0 0.0 0.20 0.0 0.0 0.0 0.0 0.0 0.0 0.0 1.59 0.0 0.0 0.0 0.0 0.0 0.0 0.0 0.07 0.0 0.0 0.0 0.0 0.0 0.0 0.0 0.0 0.0 0.0 0.0 0.0 0.0 0.0 0.0 1.83 0.0
0.0 0.0 1.43 0.0 0.0 0.0 1.78 0.0 1.12 0.0 0.76 0.04 0.0 0.0 0.84 0.0 0.0 0.0 0.0 0.0 1.19 0.0 0.0 0.0 0.0 0.0 0.0 0.0 0.0 0.13 0.0 0.0 0.0 0.0 0.0 0.0 0.0 0.92 0.0 0.0 0.0 0.0 0.0 0.0 0.0 0.0 0.0 0.0 0.0 0.0 0.35 0.0 1.75 0.0 0.0 0.0 0.0 0.0 0.0 0.0 0.0 0.0 0.0 0.12 0.0 0.0 0.0 0.0 0.0 0.0 0.0 0.15 0.0 0.0 0.0 0.0 0.0 0.0 0.0 0.0 1.39 0.0 0.0 0.0 0.0 0.0 1.61 0.0 0.0 0.0 0.0 0.0 0.0 0.0 0.0 0.0 0.0 0.0 1.31 0.0 0.0 0.0 0.38 0.0 0.0 0.0 0.0 0.88 0.0 0.0 0.0 0.0 1.31 0.0 0.0 0.0 0.0 0.0 0.0 0.0 0.0 0.0 0.26 0.0 0.0 0.0 1.02 0.70 1.85 0.0 0.0 1.45 0.0 0.0 0.0 0.0 0.0 0.0 0.0 0.0 0.42 1.92 0.0 0.0 0.0 0.0 0.0 0.0 1.06 0.0
1.82 0.0 0.0 0.0 1.34 0.0 0.0 0.0 1.37 0.0 0.87 0.0 0.0 0.0 1.38 0.0 1.21 0.0 0.0 0.82 0.0 1.66 0.0 0.0 0.73 0.0 0.0 0.98 0.0 0.02 1.15 0.0 0.0 0.0 0.62 0.0 0.0 0.0 0.0 0.0 0.0 1.66 0.0 0.0 0.0 0.42 0.0 0.0 1.34 1.22 0.0 0.0 0.38 0.0 0.57 0.0 0.0 1.56 0.0 0.0 1.54 0.0 0.0 1.49 0.0 0.0 1.18 0.0 0.0 0.0 0.0 0.0 0.0 0.0 0.0 0.0 0.0 0.0 0.0 0.0 0.19 0.0 0.0 0.18 0.0 0.0 0.81 0.0 0.0 0.0 0.0 0.0 0.0 0.24 0.0 0.0 0.0 0.0 0.0 0.0 0.0 0.0 0.0 0.0 0.0 0.0 0.0 0.0 0.0 0.0 0.68 0.0 0.0 0.89 0.0 0.80 0.0 0.0 0.0 0.0 0.0 0.0 0.0 0.0 0.22 0.0 0.0 0.0 0.0 0.0 1.48 1.18 0.0 0.0 0.71 0.0 0.0 0.0 0.0 0.0 0.0 0.0 0.0 0.0 0.0 1.67 0.0 1.44 0.0 0.0
0.0 0.0 0.37 0.0 0.0 0.0 0.0 0.0 0.0 0.0 0.0 0.0 0.0 0.0 0.68 0.0 0.0 0.79 0.0 1.01 0.99 0.0 0.0 0.0 0.0 0.0 0.0 0.58 0.0 0.0 0.0 0.0 0.0 0.0 0.0 0.0 0.0 0.59 1.53 0.0 0.0 0.0 0.0 0.0 0.0 0.0 0.0 1.24 0.0 0.0 0.0 0.0 0.0 0.0 0.0 0.0 0.17 1.26 0.0 0.0 0.0 0.0 0.0 0.0 0.0 0.0 0.0 0.0 0.0 0.0 0.23 0.0 0.0 0.0 1.77 0.0 0.0 1.46 0.0 0.0 1.23 0.0 0.0 0.0 0.0 0.0 0.38 0.0 0.0 0.0 0.0 0.0 0.0 1.62 0.0 0.0 0.0 1.10 0.0 0.0 0.0 1.22 1.48 0.0 0.0 0.0 0.0 0.0 0.55 1.59 0.0 0.0 0.0 0.0 1.00 0.0 0.0 0.0 0.0 0.0 0.0 0.0 0.0 0.0 1.43 0.0 0.0 0.0 0.81 0.0 0.0 0.0 0.0 0.0 0.0 0.0 0.0 0.0 0.0 0.0 0.0 0.0 1.24 1.38 1.83 0.0 0.0 0.0 0.0 0.0
0.0 0.63 0.0 0.0 0.0 0.0 1.64 0.0 0.0 0.0 0.19 0.0 0.81 0.0 0.0 0.0 0.0 0.0 0.0 0.0 0.0 0.0 0.0 0.0 0.0 0.0 0.0 0.0 0.52 0.0 0.0 0.0 0.0 0.0 0.0 1.26 0.0 0.0 0.61 0.0 0.0 0.0 0.0 0.0 0.0 0.0 0.0 0.0 0.0 0.0 0.0 0.0 0.0 1.03 1.13 0.0 0.0 0.0 0.78 0.0 0.0 0.0 0.0 0.0 0.0 0.0 0.0 0.0 0.0 0.0 1.37 0.0 0.0 1.58 0.0 0.0 0.0 0.0 0.0 0.73 1.91 0.0 0.0 1.11 0.0 0.0 0.0 0.0 0.0 0.0 1.92 0.11 0.0 0.0 0.0 0.0 0.0 0.0 0.0 1.82 0.0 0.0 1.97 0.0 0.08 0.0 0.0 0.0 0.0 0.0 0.75 0.0 0.47 0.0 0.0 1.45 0.0 0.62 0.0 0.0 0.0 0.0 1.58 0.0 0.0 0.93 0.0 0.0 0.0 0.0 0.0 0.0 0.92 0.65 0.67 0.0 0.0 1.52 0.0 0.0 0.0 0.0 0.0 0.0 0.0 0.0 0.0 0.0 0.14 0.0
0.0 0.0 0.08 0.0 0.0 0.0 0.0 0.0 0.0 0.0 0.0 0.0 0.0 0.0 0.86 0.03 0.0 0.11 1.23 0.0 0.0 0.0 1.50 0.0 0.0 0.0 0.0 0.0 0.0 0.0 0.0 0.0 0.0 0.0 0.0 0.0 0.0 0.0 0.0 0.0 0.0 0.0 1.13 1.06 1.41 0.0 0.0 0.0 0.0 0.54 0.0 0.0 0.89 0.0 0.0 0.0 0.0 0.0 1.25 0.0 1.21 0.0 1.89 0.0 0.0 0.0 0.0 0.0 0.0 0.0 0.0 0.0 0.0 0.0 0.0 0.0 0.01 0.0 0.71 0.58 0.0 0.0 0.0 0.0 0.0 0.0 0.0 0.0 0.0 0.0 0.93 0.0 0.0 0.60 0.79 0.0 0.0 0.0 0.0 0.0 0.44 0.0 0.0 0.0 1.79 0.0 0.0 0.0 0.77 0.0 0.0 0.0 0.0 0.0 0.0 0.0 0.0 0.0 0.0 1.23 0.0 0.0 0.0 0.0 0.0 0.0 0.0 0.0 0.0 0.0 0.0 0.0 0.0 1.40 1.05 0.0 0.53 0.0 0.0 0.05 0.0 0.0 0.0 0.0 0.0 0.0 0.0 0.13 0.0 0.0
0.0 1.21 0.0 1.34 0.0 0.53 0.08 0.0 0.0 0.0 0.0 0.0 0.0 0.0 0.0 0.73 0.0 0.0 0.0 0.0 1.41 0.0 0.0 0.0 0.0 0.0 0.0 1.89 0.24 0.0 0.74 0.37 1.75 0.04 1.70 0.0 0.0 0.0 0.0 0.0 0.0 0.0 0.0 0.25 0.21 0.0 1.26 0.0 0.0 0.0 0.0 0.0 0.0 0.0 0.0 0.0 0.0 0.0 1.92 0.0 0.0 0.0 0.0 0.0 0.0 0.0 0.0 0.0 0.0 0.0 1.29 0.0 0.0 0.0 0.0 0.0 0.0 0.0 0.0 0.0 0.0 0.0 0.0 0.0 0.0 0.0 0.0 0.95 0.0 0.0 0.0 0.0 0.0 0.0 0.0 0.0 0.0 0.0 1.07 0.0 0.0 0.61 0.0 0.0 0.0 0.0 0.0 0.0 0.0 0.64 1.42 0.0 1.35 0.0 0.0 0.0 0.0 0.0 0.0 0.0 0.0 0.0 0.0 0.0 0.0 0.0 0.0 0.0 0.0 0.0 0.0 0.0 0.0 0.0 0.23 0.0 0.0 0.0 0.0 0.0 1.68 0.0 0.0 0.0 1.97 0.0 0.0 0.15 0.0 1.70
0.0 0.0 0.0 0.0 0.0 1.42 0.0 0.0 0.0 1.14 0.81 0.03 0.0 1.35 0.0 0.0 0.0 0.0 0.0 0.0 1.91 1.85 0.0 0.02 0.77 0.0 0.0 0.0 0.0 0.0 0.0 0.0 0.0 1.45 1.08 0.0 0.0 0.0 0.0 0.0 0.0 0.83 0.0 0.0 0.0 0.0 0.0 0.0 0.0 0.0 0.0 0.0 0.0 0.82 0.0 0.0 0.0 0.0 0.0 0.0 0.0 0.0 0.0 0.0 1.70 0.0 0.0 0.0 0.0 0.0 0.0 0.0 0.0 0.0 0.0 0.0 0.0 0.0 0.0 0.0 0.0 0.0 0.0 0.0 0.0 0.56 0.0 1.92 0.0 0.0 0.0 0.0 0.0 0.0 0.17 0.0 0.0 0.0 0.74 0.0 1.82 0.0 0.0 0.0 0.0 0.0 0.0 0.0 0.0 0.0 0.0 0.0 1.06 0.0 0.0 0.0 1.73 0.0 0.0 1.13 0.0 0.0 0.0 0.0 0.0 0.92 0.0 0.0 0.0 0.0 1.30 1.92 0.0 0.0 0.80 0.0 0.0 0.23 0.05 0.0 0.0 1.20 0.0 1.20 1.90 0.81 0.0 0.0 0.0 0.0
0.0 1.99 0.0 0.0 0.0 0.19 0.0 0.0 0.0 0.0 0.32 1.33 0.0 0.0 0.0 0.0 0.0 1.28 0.0 0.0 0.34 0.0 0.0 0.0 0.0 0.66 0.03 0.0 0.0 0.0 0.0 0.0 0.0 0.0 0.0 0.0 0.20 0.36 0.0 0.0 0.0 0.0 0.0 0.30 0.0 0.0 0.0 0.0 0.0 0.0 0.0 0.0 1.18 0.0 0.0 0.0 0.0 0.0 0.0 0.0 0.0 0.0 0.0 0.0 0.0 0.45 0.0 0.0 0.0 0.0 0.0 0.0 1.36 0.0 0.0 0.0 1.92 0.92 0.0 0.0 0.0 0.0 0.0 0.0 0.0 0.0 0.45 0.0 0.0 0.0 1.75 0.0 0.65 0.0 0.21 0.0 0.0 0.0 0.47 0.0 0.0 0.0 0.72 0.0 0.78 0.0 0.0 0.0 0.0 0.0 0.0 0.26 0.0 0.0 0.0 0.0 0.0 0.83 0.0 0.0 1.39 0.0 0.83 0.30 1.83 0.0 0.0 1.84 0.0 0.0 0.0 0.0 0.0 0.0 0.0 0.0 0.0 0.55 0.38 0.34 0.0 0.0 0.0 0.0 0.0 0.0 0.0 0.0 0.51 0.0
0.0 0.55 1.63 1.49 0.0 0.0 0.38 0.0 0.0 0.0 0.0 0.0 0.0 0.0 0.23 0.0 0.0 0.0 1.37 0.0 0.0 0.48 0.0 0.0 0.0 0.0 0.0 0.0 0.0 0.81 0.0 0.0 0.0 1.78 0.0 0.0 0.0 0.0 0.0 0.0 0.80 0.0 0.0 0.0 0.0 1.75 0.40 0.0 1.03 0.0 0.0 0.0 0.0 0.0 0.0 0.0 0.0 0.0 1.66 0.0 0.0 0.0 0.0 0.0 0.0 0.0 1.58 0.0 0.0 0.52 0.0 0.0 0.0 0.0 0.0 0.0 0.0 0.0 0.0 0.0 0.89 0.0 1.78 0.0 0.0 0.0 0.92 0.0 0.0 0.14 1.72 0.0 0.0 0.0 1.43 0.0 0.0 1.65 1.47 0.0 0.18 0.0 0.0 0.0 0.73 0.0 0.0 0.0 0.0 0.0 0.0 0.0 0.0 0.0 0.0 0.0 0.0 0.0 0.0 0.19 0.0 0.0 0.0 0.87 0.0 0.0 0.0 0.0 1.60 0.0 0.0 0.0 1.94 0.0 0.0 0.0 0.0 0.0 0.0 0.0 0.0 0.0 0.0 0.67 0.0 1.45 0.0 0.76 0.0 0.0
0.0 0.0 0.0 0.0 0.0 0.46 0.0 0.50 0.0 0.0 0.0 0.0 0.0 0.0 1.66 0.0 0.0 0.0 1.85 0.0 0.0 0.0 0.0 0.0 0.0 0.0 0.0 1.08 0.0 0.0 0.0 0.0 0.0 0.0 0.0 0.43 1.62 0.0 0.0 0.0 0.0 0.0 0.0 0.0 0.0 1.83 1.59 0.0 1.90 0.0 0.0 0.0 0.0 1.01 0.0 0.0 0.0 0.42 1.31 0.58 0.0 1.86 0.0 0.0 1.13 1.02 1.44 0.0 0.0 1.95 0.0 0.0 0.0 0.0 1.49 0.0 0.0 0.0 0.0 0.0 0.0 0.0 0.0 1.30 0.0 0.0 0.0 0.03 0.39 0.0 0.0 0.0 0.0 1.68 0.0 0.0 0.0 1.10 0.0 1.70 0.0 0.0 1.63 0.0 1.78 1.75 0.0 0.0 0.0 0.82 1.91 0.92 0.0 0.0 0.0 0.0 0.0 0.0 0.21 0.50 0.0 0.0 0.0 0.0 0.90 0.0 0.0 0.0 0.50 0.0 0.0 0.0 0.0 0.0 0.0 0.0 0.0 0.0 0.0 0.0 0.0 0.0 0.0 0.0 0.0 0.0 0.0 0.63 0.13 0.0
0.0 1.88 0.0 0.0 1.60 0.0 0.0 0.0 0.38 0.0 0.0 1.78 1.96 0.0 0.0 0.0 0.0 0.0 0.0 0.0 0.0 0.0 0.0 0.0 0.0 0.50 0.66 0.0 0.0 1.73 0.0 0.45 0.0 0.65 1.44 0.0 0.0 0.0 1.96 0.0 0.0 0.0 0.0 0.0 1.26 0.0 1.15 0.0 0.0 0.0 0.0 1.91 0.0 0.0 1.56 0.0 0.0 1.67 0.18 0.0 0.85 0.0 1.72 0.0 0.34 0.0 1.39 1.86 0.0 1.77 1.44 0.0 0.15 0.0 0.27 0.0 0.0 0.0 0.0 0.0 0.0 0.0 0.03 0.0 0.0 0.99 1.15 0.0 0.0 0.05 0.0 0.0 0.0 0.0 0.0 1.16 0.0 0.0 0.0 0.0 0.0 0.0 0.54 0.0 0.0 0.0 0.0 0.0 0.0 0.0 0.0 1.73 0.0 0.0 0.0 0.0 0.0 0.0 0.0 0.0 0.0 0.0 0.0 0.0 0.0 0.0 1.78 0.0 0.0 0.0 1.54 0.0 0.0 0.0 0.0 0.0 1.98 0.33 0.0 0.03 0.0 0.0 1.22 0.0 0.0 0.0 0.0 0.0 0.0 0.0
0.0 0.0 0.82 0.0 1.88 1.45 0.77 0.0 0.0 0.0 0.0 0.0 0.0 0.0 0.0 0.97 0.0 0.10 0.0 1.86 0.0 0.0 0.0 0.0 0.0 0.0 0.0 1.57 0.0 0.0 0.0 1.45 1.29 0.43 0.0 1.79 0.0 0.0 1.75 1.76 1.21 0.0 1.33 1.22 0.0 0.0 1.31 1.03 0.0 0.0 0.0 0.75 0.0 0.0 0.0 0.55 0.0 0.0 0.0 0.0 0.0 0.0 1.02 0.0 0.0 0.0 0.0 0.03 0.0 0.0 0.0 0.0 0.0 0.0 0.21 0.0 1.96 0.0 0.0 0.0 0.0 0.0 0.0 0.0 0.0 0.0 0.33 0.94 0.38 1.60 0.0 0.21 0.93 0.30 0.0 1.88 0.67 0.0 0.0 0.11 1.72 0.0 0.0 0.0 0.38 0.0 0.0 0.13 0.0 0.0 0.0 0.02 0.0 0.0 1.52 0.0 0.0 0.0 0.0 0.0 0.0 0.22 0.0 0.62 0.0 1.08 0.0 1.28 0.0 0.0 1.83 0.0 0.0 0.0 0.0 0.0 0.0 0.0 0.0 0.0 0.0 0.0 0.0 0.0 0.0 0.0 1.35 0.0 0.0 0.0
0.0 0.10 0.0 0.0 0.0 0.0 0.0 0.0 1.79 0.0 0.96 0.0 0.0 0.0 0.0 0.67 0.0 0.0 0.0 0.0 0.64 0.0 0.00 0.0 0.0 0.0 0.0 0.0 0.0 0.0 0.0 0.0 0.0 0.0 0.0 0.0 0.0 0.0 0.0 0.0 1.68 1.83 0.0 0.0 0.46 0.0 0.0 1.98 0.39 0.0 0.0 0.0 0.0 1.63 0.0 0.27 0.0 0.0 0.0 0.0 0.29 0.0 1.03 0.0 0.0 0.0 0.0 0.0 0.0 0.02 0.0 1.94 0.0 0.0 0.10 0.0 0.0 0.0 0.0 0.0 0.96 0.0 0.0 0.0 0.0 0.0 0.0 0.0 0.52 1.19 0.0 0.0 0.0 0.0 0.0 0.0 0.0 0.0 0.0 0.0 0.0 0.0 0.0 0.36 0.0 0.0 0.86 0.31 0.0 0.0 0.0 0.0 0.0 0.0 0.0 0.0 0.0 0.0 0.0 0.0 0.0 0.43 0.0 0.0 0.0 0.0 0.0 0.0 0.0 1.32 0.0 0.37 0.0 0.0 0.0 0.0 0.0 0.0 0.0 0.0 1.35 0.0 0.08 1.73 0.0 0.0 0.0 0.0 0.0 0.0
0.0 0.0 0.0 0.0 0.0 0.0 1.74 0.0 0.0 0.0 0.0 0.0 1.34 0.0 0.0 0.0 0.0 1.44 0.0 0.0 0.0 0.0 0.0 0.0 0.0 0.0 0.0 1.64 1.46 1.35 0.0 0.0 0.0 0.0 0.0 0.0 0.0 0.0 1.82 1.53 0.0 0.0 0.0 0.0 0.94 0.0 0.0 0.0 0.0 0.88 0.0 0.0 0.0 1.65 0.0 0.0 0.0 0.0 1.10 0.0 0.0 0.0 0.0 0.0 0.0 0.0 0.0 0.0 0.0 0.0 0.0 0.07 0.0 0.0 1.23 0.0 0.0 0.0 0.0 0.0 0.0 0.0 0.0 0.0 0.30 0.0 1.75 0.0 0.0 0.0 0.0 0.0 0.0 0.34 1.12 0.0 0.0 0.0 0.0 0.0 0.0 0.83 0.0 0.0 0.0 0.0 0.0 0.0 0.0 0.86 1.40 0.0 0.0 0.0 0.05 1.98 0.0 0.42 0.0 0.06 0.0 0.0 0.0 0.82 0.0 1.31 0.0 0.0 0.0 0.0 0.0 0.0 0.0 0.0 0.0 0.0 0.0 0.06 0.0 1.44 0.0 0.0 1.83 0.0 0.0 0.0 0.0 0.0 0.0 0.65
0.0 0.0 0.0 0.0 0.0 0.0 0.0 1.10 0.0 1.48 0.0 0.0 0.0 0.0 0.0 0.23 1.64 0.0 1.07 0.0 0.0 0.0 1.11 0.0 0.0 0.0 0.0 1.07 0.0 0.0 0.0 0.0 0.0 0.0 0.0 0.0 0.0 0.87 1.32 1.92 0.0 0.0 0.0 0.0 0.0 0.80 0.86 1.21 0.0 0.0 0.0 0.0 0.0 0.0 0.0 0.0 0.65 0.06 0.0 0.0 1.48 0.0 0.45 0.0 0.0 0.0 0.0 0.0 0.0 0.0 0.0 0.0 0.0 0.58 0.0 0.0 0.0 0.26 0.0 0.0 0.0 0.0 0.0 0.0 0.0 1.67 0.69 0.0 0.0 0.0 0.0 0.0 0.0 0.0 0.0 0.0 1.22 0.0 0.0 0.0 0.0 0.0 0.0 0.0 0.0 0.0 0.0 0.0 1.14 0.0 0.0 0.0 0.0 0.0 0.14 0.0 0.02 0.0 0.55 0.0 0.0 0.0 0.0 0.0 0.0 0.0 0.69 0.0 0.0 1.63 0.0 0.0 0.0 0.0 0.0 0.0 0.0 0.0 0.0 0.0 0.0 0.0 0.0 0.0 0.0 0.0 1.35 0.0 0.0 0.0
0.0 0.0 0.0 0.0 0.0 0.0 0.99 0.0 0.0 1.80 0.0 0.0 1.24 0.0 0.0 0.0 0.0 0.0 0.0 1.95 0.0 0.0 0.0 1.68 0.17 0.0 0.0 0.0 1.90 0.0 0.0 0.0 0.0 1.49 0.0 1.52 0.0 0.51 1.23 1.59 0.0 0.10 1.07 1.42 0.0 0.0 0.0 0.0 0.0 0.0 0.0 0.30 0.0 0.0 0.0 0.0 0.0 0.0 0.0 0.0 0.0 0.0 0.0 0.0 0.0 0.0 0.0 0.0 0.0 0.0 0.0 0.0 0.0 0.0 0.0 0.0 0.0 0.0 0.0 0.0 0.51 1.60 0.0 0.0 0.0 0.25 0.0 0.0 0.0 0.0 0.0 1.92 0.0 0.0 0.61 0.0 0.0 0.0 0.0 0.0 0.0 0.0 0.0 0.0 0.0 0.0 0.0 0.0 0.0 0.0 0.0 0.0 0.0 0.0 0.0 0.0 0.0 0.0 0.0 0.0 1.48 0.0 0.0 0.0 1.26 0.74 0.33 1.21 0.0 0.0 0.0 0.0 0.0 0.25 0.0 0.0 0.0 0.0 0.0 0.90 0.0 0.0 0.0 1.70 0.0 0.0 0.0 1.22 1.56 0.0
1.38 0.0 0.0 0.0 0.0 0.0 0.0 0.0 0.21 0.62 0.0 0.0 0.0 0.0 0.0 0.0 0.0 0.0 0.0 0.0 0.0 0.0 0.0 0.0 0.0 0.0 0.0 0.0 1.44 0.0 0.0 0.0 0.0 0.0 0.0 0.0 0.80 0.0 0.0 0.0 0.0 0.0 1.51 0.0 0.0 0.0 0.93 0.0 0.0 0.0 0.86 0.0 1.83 0.0 0.0 0.0 0.0 0.0 0.0 0.0 1.38 0.89 0.0 0.0 0.0 0.0 0.0 0.0 0.0 0.0 0.0 0.15 0.0 0.0 0.0 0.0 0.0 0.0 0.0 0.0 0.0 0.0 0.0 0.0 0.0 0.0 0.19 0.0 0.0 0.19 0.0 0.0 0.0 0.0 0.0 0.70 0.0 0.0 0.0 0.0 0.0 0.0 0.0 0.0 0.0 0.0 0.0 0.0 0.0 1.28 0.0 0.0 0.0 1.10 0.0 0.0 0.0 0.0 0.26 0.0 0.0 0.0 0.0 0.0 0.0 0.0 0.0 0.0 0.0 0.53 0.0 0.0 0.0 0.0 0.0 0.0 0.0 0.0 0.0 0.0 0.0 0.32 1.57 0.0 0.0 0.38 0.0 1.00 0.0 0.01
1.78 0.0 0.0 0.05 0.30 0.0 0.19 0.0 0.0 0.0 0.79 0.13 0.0 0.0 0.95 0.0 0.0 0.0 0.0 0.0 0.0 0.0 0.0 0.0 1.23 0.78 1.07 0.0 0.0 0.0 0.0 0.0 0.73 0.0 0.0 0.80 0.0 0.0 0.0 0.0 0.0 1.35 0.84 0.0 0.0 0.0 0.0 0.0 0.0 0.0 0.0 0.0 0.0 0.0 1.10 0.0 0.0 0.0 0.0 0.0 0.0 0.0 1.42 0.0 0.0 1.90 0.0 0.0 0.0 0.0 0.0 0.0 0.0 0.0 0.0 0.0 0.0 0.0 0.0 0.0 0.91 0.0 0.0 0.0 0.0 0.0 0.0 0.0 0.0 0.0 0.0 0.0 0.0 0.0 0.0 1.44 0.0 0.20 0.0 0.0 0.0 0.0 1.77 0.0 0.0 0.0 0.0 0.0 0.0 0.0 1.74 1.69 0.0 0.0 0.60 0.0 0.0 0.0 0.0 0.0 0.0 0.0 0.84 1.41 0.0 0.0 1.12 0.0 0.0 0.0 0.0 0.0 0.84 0.0 0.0 0.16 1.76 0.73 0.11 0.0 0.10 0.0 0.0 0.0 0.0 0.36 0.0 0.06 0.0 0.0
0.0 1.10 0.0 0.0 0.0 0.0 0.0 1.05 0.0 0.0 0.0 0.0 0.0 0.0 0.0 0.0 0.0 0.0 0.0 0.0 0.0 0.0 0.23 0.0 0.0 0.0 0.0 0.0 0.0 0.0 0.48 0.0 0.0 0.0 1.86 0.0 1.42 0.0 0.0 0.0 0.0 2.00 0.0 0.44 0.0 0.84 0.0 0.0 0.0 0.0 0.91 0.0 0.24 0.0 0.0 0.06 0.0 0.88 0.0 0.39 0.0 0.0 0.0 0.0 0.07 0.0 0.0 0.0 0.0 0.0 0.0 0.0 0.0 0.0 0.0 0.0 0.94 0.41 0.0 0.0 0.0 0.0 0.0 0.81 0.0 1.17 0.0 0.83 0.83 0.0 0.0 0.0 0.0 0.0 0.16 0.0 0.0 0.0 0.0 0.0 0.0 0.0 0.0 0.0 0.0 0.0 0.0 1.90 0.0 0.0 0.0 0.0 0.0 0.0 0.0 0.97 1.67 0.0 0.0 0.0 1.07 0.0 0.0 0.48 0.0 0.85 1.42 0.0 0.0 0.0 0.0 0.0 0.0 0.0 1.45 0.0 0.55 0.0 0.0 0.84 0.0 0.0 0.0 0.0 1.18 0.0 0.0 1.87 0.35 0.0
0.0 0.0 0.11 0.0 0.0 0.0 0.0 0.0 0.0 0.0 0.0 1.03 0.0 0.0 0.0 0.0 0.0 0.0 0.0 0.0 0.0 0.0 0.0 0.0 0.0 0.0 0.0 0.0 0.0 0.0 0.0 0.30 0.0 0.0 0.0 0.0 0.0 0.0 0.09 0.0 0.0 0.0 0.08 0.0 0.0 0.0 0.0 0.0 0.0 0.0 0.0 0.0 0.0 0.0 0.0 0.0 0.17 1.05 0.0 0.0 0.0 0.0 0.37 0.0 0.0 0.0 0.0 0.0 0.0 0.0 0.0 0.0 0.25 0.0 1.52 0.0 0.0 0.0 0.0 0.0 0.0 0.87 0.0 0.0 0.0 0.0 0.0 0.41 0.0 0.0 0.0 0.0 0.0 0.0 0.0 0.0 0.0 0.0 0.0 0.0 0.0 0.0 0.0 0.81 0.0 0.0 0.0 0.0 0.0 0.0 0.0 0.0 0.0 1.88 0.0 0.0 0.0 0.0 0.0 0.0 0.0 0.0 0.0 0.0 0.0 1.03 0.0 0.0 0.0 0.0 0.0 0.0 0.0 0.0 0.0 1.93 0.0 0.0 0.0 1.52 0.0 0.58 0.0 1.18 0.0 0.0 0.0 0.0 0.0 0.0
1.58 0.0 0.0 0.79 0.0 0.0 0.0 0.0 0.0 0.0 0.0 0.0 0.0 0.0 0.0 0.0 0.0 1.72 0.0 0.0 0.0 0.0 0.0 0.0 0.0 0.0 0.0 0.0 0.0 0.0 0.0 0.0 0.0 1.86 0.0 0.0 0.0 0.0 0.0 0.0 1.21 0.0 0.50 0.0 0.0 0.0 0.0 0.0 0.0 0.0 0.0 0.33 1.37 0.64 0.0 0.0 0.0 0.0 0.0 0.92 0.0 1.70 0.0 0.0 0.0 1.41 0.0 0.0 0.0 0.01 0.0 0.0 0.0 0.0 0.90 0.38 0.0 0.0 0.0 0.0 0.0 0.0 0.90 0.0 0.0 0.0 0.0 0.0 0.0 0.0 0.0 0.0 0.0 0.0 0.0 0.0 0.0 0.0 0.30 0.0 0.0 0.0 0.0 0.0 0.0 0.0 0.0 0.0 0.0 0.0 0.0 0.0 0.0 0.0 0.0 0.0 0.0 0.0 0.0 0.0 0.0 0.0 0.0 0.0 0.91 0.0 0.0 0.0 0.0 0.23 0.0 0.53 0.0 0.0 1.43 0.0 0.44 0.0 0.0 0.0 0.0 0.0 0.0 1.07 0.0 0.0 0.0 1.87 0.0 0.0
0.0 0.0 0.0 0.0 0.0 0.0 0.0 1.26 0.0 0.0 0.0 0.0 0.26 0.34 0.0 0.0 0.96 0.72 0.0 1.37 0.0 0.0 0.0 0.0 0.0 0.0 0.0 0.0 0.0 0.0 0.0 0.0 0.0 0.0 0.0 0.0 0.0 1.97 0.0 0.0 1.04 0.0 0.0 0.20 0.0 0.0 0.0 0.0 0.0 0.0 1.20 0.0 0.0 0.0 0.0 0.0 0.0 1.46 0.0 0.0 0.0 0.0 0.02 0.0 0.0 0.0 0.0 1.75 0.0 0.0 0.0 0.0 0.0 0.0 0.0 0.0 0.02 0.0 0.0 0.0 0.0 0.83 0.76 0.0 0.0 0.63 0.59 0.0 0.0 0.0 0.0 0.0 0.0 0.0 0.0 0.0 0.0 1.83 0.0 0.0 0.70 0.0 1.39 0.0 1.71 0.0 0.0 0.0 0.0 0.0 0.0 1.43 0.0 0.0 0.0 0.0 0.76 0.0 0.0 1.12 0.0 0.0 0.0 0.0 0.0 0.0 0.0 1.17 0.0 0.40 0.0 0.0 0.38 0.0 0.0 0.07 0.0 0.0 0.0 0.08 0.0 0.0 0.0 0.0 0.0 0.0 0.0 0.0 0.0 0.0
0.0 0.0 0.0 1.09 0.0 0.0 0.0 0.0 1.08 0.0 0.0 0.0 0.0 1.38 0.0 1.34 0.0 1.13 0.0 0.0 0.0 0.0 0.0 0.0 0.24 0.0 0.0 0.0 0.0 0.0 0.0 1.14 1.78 0.0 0.0 0.0 0.0 0.0 0.0 0.08 0.0 0.0 0.0 0.0 0.0 0.0 0.0 0.0 0.0 0.0 1.94 1.51 0.0 0.0 0.04 1.98 0.0 0.0 0.0 0.0 0.0 0.0 0.0 0.26 0.0 0.0 0.0 0.0 0.0 0.0 0.0 0.0 0.0 0.0 0.0 0.0 0.0 0.0 0.0 0.0 0.0 0.0 0.0 0.0 0.0 0.0 0.0 0.0 0.0 0.0 0.0 0.0 1.26 0.0 0.0 0.26 0.0 1.22 0.34 0.0 0.0 0.0 0.0 1.23 0.0 0.0 0.0 0.0 0.0 1.45 0.0 0.0 0.0 0.0 0.0 0.0 0.08 0.0 0.0 0.0 0.0 0.0 0.0 0.0 0.0 0.0 0.0 0.0 0.0 0.0 0.0 1.30 0.0 1.50 1.89 0.0 0.0 0.0 0.0 0.0 0.0 0.0 0.0 0.0 1.62 0.0 1.41 0.11 0.26 0.94
0.0 0.98 0.58 0.0 0.0 0.67 0.0 0.0 0.89 0.0 0.0 0.0 0.24 0.0 1.89 0.02 0.0 0.0 0.0 0.0 0.0 0.0 0.0 0.0 0.55 0.0 0.0 0.0 0.0 0.0 0.14 0.0 0.0 0.0 0.0 0.0 0.0 0.0 0.0 0.0 0.0 0.0 0.0 0.86 0.0 0.0 1.60 0.05 0.58 0.43 0.0 0.0 0.0 0.0 0.0 0.0 0.81 0.0 0.0 0.0 0.0 0.0 0.0 0.24 0.0 0.0 0.0 1.25 0.0 0.0 0.0 0.0 0.30 1.58 0.0 0.0 0.0 0.0 0.0 0.0 0.0 0.0 0.0 0.0 0.0 0.0 0.0 0.0 0.0 0.0 0.0 0.0 0.0 0.0 0.0 0.0 0.0 0.0 0.0 1.42 0.0 0.0 0.0 0.0 0.05 0.0 0.0 0.0 0.0 0.45 0.0 1.65 0.0 0.0 0.0 0.0 0.63 0.0 0.0 0.0 0.0 0.0 0.0 0.0 0.0 0.0 0.0 0.0 0.0 0.0 0.0 0.0 0.0 0.0 0.0 0.41 0.0 0.0 0.0 0.0 0.27 0.0 1.47 0.0 0.0 1.81 0.0 0.0 0.0 0.0
0.0 1.30 0.0 0.0 0.0 0.0 0.20 0.0 0.0 0.0 0.0 0.0 0.0 0.96 0.0 0.0 1.11 0.0 0.0 0.85 0.0 0.66 0.0 0.0 0.0 0.0 0.0 0.0 0.0 0.0 0.0 0.0 0.0 0.0 0.0 0.0 0.94 1.80 0.0 0.0 0.0 0.0 0.0 0.0 0.0 0.0 0.0 0.0 1.05 0.0 0.40 0.0 0.0 0.0 1.66 0.0 0.0 0.0 0.0 0.0 0.0 0.0 0.40 0.0 0.0 0.0 0.0 0.0 0.0 0.0 1.06 0.0 0.0 0.0 0.0 0.0 0.0 1.98 0.0 0.0 0.0 0.0 0.0 0.0 0.0 1.29 0.0 0.05 0.43 0.0 0.0 0.63 0.74 0.24 0.0 0.0 0.0 0.0 0.0 0.0 0.0 1.21 0.0 0.0 0.0 0.0 0.0 0.0 1.49 0.0 0.0 1.38 0.0 0.0 1.64 0.0 0.08 1.34 0.0 0.0 0.0 1.00 0.0 0.0 0.0 0.0 0.0 0.0 1.41 0.0 0.0 0.0 0.0 1.59 0.0 1.99 0.42 0.0 0.0 0.0 0.0 0.0 0.0 0.0 0.0 0.0 0.0 0.0 0.0 0.0
0.0 0.0 0.0 0.0 0.74 0.0 0.0 0.0 0.0 0.0 0.0 0.0 0.0 0.0 0.0 0.0 0.0 0.0 0.0 0.0 0.32 0.35 0.0 0.0 0.09 0.0 0.0 0.0 0.0 0.0 0.0 0.0 0.0 0.22 0.0 0.0 0.0 0.45 0.0 0.0 0.0 0.0 0.21 0.0 0.0 0.0 1.00 0.0 0.46 0.0 0.0 0.0 0.0 1.45 0.0 0.83 0.0 0.0 0.0 0.12 0.0 0.0 1.07 0.21 0.0 0.0 0.0 0.0 0.0 0.0 0.0 1.31 0.0 0.0 0.0 0.0 0.0 0.0 0.0 0.0 1.67 0.0 0.0 0.0 0.59 0.0 0.0 0.0 0.0 0.10 0.0 0.0 0.0 0.0 1.23 0.0 0.91 0.0 0.0 0.0 0.73 0.0 0.0 0.0 0.0 0.0 0.0 1.82 0.0 0.0 0.0 1.54 0.0 0.0 0.0 0.0 0.0 0.0 0.0 1.22 0.0 0.0 0.0 0.0 0.0 0.0 0.0 0.0 0.0 0.0 0.0 0.77 0.0 0.0 0.05 0.0 0.0 0.0 0.0 0.0 1.83 1.59 1.96 0.0 0.0 0.0 0.0 1.62 0.0 0.0
0.21 0.59 0.0 0.0 0.0 0.0 0.0 0.0 0.0 0.0 0.0 0.0 0.0 0.0 0.0 0.0 0.0 0.0 0.63 0.0 0.0 0.0 0.0 1.75 0.0 1.66 0.0 0.0 0.0 0.99 0.0 0.22 0.92 0.0 0.0 0.0 0.0 0.79 0.0 0.0 0.0 0.0 0.0 0.0 0.0 0.0 0.34 0.0 1.48 0.0 0.27 0.0 0.45 0.0 0.0 0.53 0.0 0.0 0.0 0.51 0.0 0.56 0.0 0.0 0.0 0.0 0.79 0.0 1.78 0.82 0.0 0.0 0.0 0.0 0.0 0.0 0.27 0.0 0.0 0.0 0.0 0.0 0.0 0.0 0.0 1.68 0.0 0.22 0.0 0.0 0.0 0.0 1.70 0.76 0.0 1.32 0.10 0.15 0.0 1.01 0.0 0.0 0.0 0.0 1.53 0.0 0.0 0.0 0.0 0.0 0.0 0.0 0.0 0.0 0.0 0.0 0.0 0.0 0.14 0.0 0.0 0.0 0.0 0.0 0.0 0.0 0.0 0.0 0.0 0.0 0.0 0.85 0.0 0.0 0.0 0.87 0.0 0.0 0.0 0.0 1.65 0.26 0.0 1.48 0.0 0.0 1.19 0.49 0.0 0.0
0.66 1.75 0.0 0.0 0.38 0.0 0.0 0.0 0.0 0.0 0.0 0.0 0.99 0.0 0.0 1.61 0.0 0.0 0.31 0.0 0.0 1.53 0.0 0.0 1.13 0.0 0.88 0.0 0.0 0.0 0.0 0.0 0.0 0.0 1.45 0.0 0.0 0.0 0.83 0.0 0.0 0.0 0.16 0.0 0.96 0.0 1.49 1.56 0.0 0.0 0.0 0.0 0.0 0.0 0.0 1.90 0.0 0.0 0.0 0.0 0.0 0.0 1.03 0.0 0.0 0.0 0.0 0.0 0.0 0.0 0.0 0.0 0.0 0.0 0.92 0.0 0.0 1.74 0.0 0.0 0.0 1.89 0.0 0.0 1.39 0.0 0.0 1.99 0.99 1.33 0.0 0.0 0.0 0.0 0.0 0.0 0.0 0.0 0.0 0.0 0.60 0.0 0.0 0.0 0.0 0.0 0.0 0.0 0.0 0.0 0.0 0.0 0.0 0.0 1.47 0.0 0.0 0.0 0.06 0.0 0.0 0.0 1.81 0.0 0.0 0.0 0.0 0.0 0.52 0.0 0.0 0.0 0.0 0.0 0.0 0.0 1.26 0.0 0.0 1.31 0.0 0.0 0.0 0.0 0.0 0.0 0.0 0.0 0.0 0.0
0.0 0.0 0.0 0.0 0.57 0.0 0.0 0.0 0.0 0.0 0.0 0.0 1.13 0.0 0.0 1.33 0.0 0.41 0.0 0.0 0.00 0.65 0.0 0.0 0.0 0.0 0.0 0.0 0.0 0.0 0.0 0.0 0.0 0.0 0.0 0.0 0.0 0.0 1.65 1.39 0.0 0.0 0.0 0.0 0.0 1.08 0.29 0.0 0.0 0.0 0.0 0.0 0.0 1.77 0.0 0.0 0.71 1.65 0.0 0.0 0.0 1.35 0.0 0.0 0.0 0.0 0.0 0.0 0.0 0.0 0.0 0.0 0.0 0.43 0.0 0.0 0.0 0.0 0.85 0.0 0.0 0.0 0.0 0.0 0.0 0.0 0.0 0.0 0.0 0.0 1.49 0.0 0.0 0.0 0.0 0.0 1.07 0.03 0.0 0.0 0.82 0.0 0.0 0.41 0.0 0.0 0.0 0.0 0.0 0.0 0.0 1.80 0.0 0.0 0.0 0.0 0.0 0.0 0.0 0.0 1.76 0.0 0.03 0.20 0.0 0.0 0.63 0.0 0.0 0.70 0.0 0.0 0.0 0.0 0.0 1.70 0.0 0.0 0.0 0.76 0.86 0.0 0.0 0.0 0.0 1.00 0.0 0.0 0.0 0.0
0.0 0.0 0.0 0.0 2.00 0.72 0.0 0.0 0.0 0.0 0.21 0.0 1.80 0.0 0.0 1.71 0.0 0.0 0.0 0.0 0.0 0.0 0.24 0.0 1.34 0.0 0.0 0.0 0.0 0.0 0.0 0.0 0.0 0.0 0.0 0.0 0.0 0.0 0.0 1.59 0.0 0.0 0.0 0.0 0.0 0.0 0.0 0.0 0.0 0.0 0.0 0.31 0.0 0.0 0.0 0.0 0.0 0.0 0.0 0.0 0.0 0.0 0.0 0.0 0.0 0.06 0.0 0.0 0.0 0.0 0.0 0.0 0.0 0.0 0.16 0.0 0.0 0.0 0.0 0.0 1.45 0.20 0.0 1.66 0.0 0.0 0.0 0.0 0.0 0.0 0.0 0.0 0.0 0.0 0.0 0.0 0.0 0.0 0.0 0.0 0.0 0.0 0.0 1.77 0.0 0.0 1.51 0.0 0.0 0.0 0.0 0.0 1.96 0.0 0.21 0.0 0.0 0.0 0.0 0.53 0.0 0.0 0.0 0.0 0.0 0.71 0.0 0.0 0.0 0.0 0.0 0.0 0.0 0.0 0.0 0.0 0.0 0.0 0.57 0.0 0.0 0.0 0.0 0.0 0.0 0.0 0.0 0.87 0.0 0.0
0.0 0.0 0.0 0.0 0.0 1.78 0.97 0.0 0.0 0.0 0.0 0.0 0.0 0.0 0.28 0.0 0.0 1.65 1.22 0.0 0.0 0.0 0.0 0.0 0.0 0.0 0.0 0.0 0.0 0.0 0.0 0.0 0.0 0.0 0.0 0.0 0.0 0.14 0.0 0.0 0.0 0.0 1.50 0.0 0.0 0.0 0.0 0.0 0.95 0.0 0.0 0.0 0.0 0.0 0.0 1.54 1.72 0.69 0.0 0.0 1.33 0.0 1.18 0.0 0.0 0.0 0.0 0.0 0.0 0.0 0.0 0.0 1.13 0.92 0.37 0.0 1.37 0.0 0.0 0.0 1.63 0.0 1.40 0.0 0.0 0.0 0.0 0.0 0.0 0.0 0.0 0.0 0.0 0.0 0.0 0.30 0.69 0.0 0.0 0.0 0.0 0.0 0.0 0.0 0.0 1.09 0.0 1.62 0.0 0.0 0.86 0.86 0.0 0.0 0.0 0.0 0.0 0.0 0.0 0.0 0.0 0.0 0.0 0.0 0.65 1.51 0.0 0.07 0.0 0.0 0.0 0.0 0.0 0.0 0.0 0.0 1.29 0.11 0.0 1.44 0.0 0.0 0.0 0.0 0.0 0.0 0.0 0.43 0.0 0.0
0.0 0.0 0.0 1.12 0.0 0.0 0.0 0.0 0.0 0.0 0.0 1.51 0.0 0.81 0.0 0.0 0.0 0.0 0.0 0.0 0.0 0.0 0.85 0.0 0.0 0.0 0.0 0.0 0.0 0.0 0.59 0.0 1.36 1.98 0.0 0.0 1.62 0.0 0.0 0.46 1.73 1.83 0.0 0.0 0.0 0.0 1.27 0.0 0.0 0.32 0.0 0.0 0.0 0.0 0.0 0.0 0.16 0.0 0.0 0.0 0.0 0.0 0.13 0.0 0.0 0.0 0.0 0.0 0.0 0.0 0.0 0.0 0.0 0.70 0.0 0.0 0.41 0.0 0.0 1.11 0.0 0.0 0.26 0.0 0.96 0.68 0.0 0.0 1.08 0.0 0.0 0.0 0.0 0.0 0.0 0.0 0.0 0.0 0.0 0.0 0.0 1.83 0.0 0.99 0.0 0.0 0.0 1.18 0.0 0.0 0.0 0.0 0.0 0.0 1.87 0.0 0.0 0.0 1.40 0.84 0.75 0.0 0.0 0.0 0.0 0.0 0.0 0.0 0.0 0.0 0.17 0.0 0.0 0.0 0.0 0.0 0.0 0.0 0.0 1.56 0.0 0.0 1.84 0.0 0.0 0.0 0.0 0.0 0.0 0.0
0.0 0.0 0.0 0.0 0.0 0.0 0.0 0.44 0.0 0.0 0.0 0.0 0.0 0.0 0.0 0.0 0.0 0.0 0.0 0.0 0.0 0.0 0.0 0.66 0.0 0.0 0.0 0.99 0.0 0.0 1.33 0.0 0.0 0.0 1.86 0.0 0.0 0.0 0.0 0.0 0.0 0.0 0.0 1.34 0.0 0.0 0.0 0.0 0.0 0.0 0.0 0.0 1.28 1.10 0.0 0.0 0.0 1.24 0.0 0.0 1.31 0.0 0.0 0.0 1.84 0.0 0.0 0.0 0.0 0.0 0.0 0.0 0.0 0.34 0.60 1.64 0.0 0.0 0.0 0.64 0.0 0.0 0.0 0.0 0.0 0.66 0.0 0.0 0.0 0.0 0.0 0.0 0.0 0.0 0.0 0.0 0.0 0.0 1.54 0.0 0.0 0.0 0.0 1.31 0.0 0.0 0.0 0.0 0.0 0.0 0.0 1.52 0.0 0.0 0.0 0.0 1.22 0.0 0.0 0.0 0.0 1.62 0.0 0.0 0.0 0.0 0.0 1.74 0.0 0.0 0.0 0.0 0.0 0.0 0.0 1.88 0.0 0.50 0.90 0.0 0.0 0.0 0.0 0.0 0.0 0.0 0.48 1.40 0.0 0.0
0.0 0.0 0.0 0.0 0.0 0.0 0.0 0.0 0.0 0.0 0.0 0.53 0.0 0.0 0.0 0.0 0.0 0.0 0.0 0.0 0.0 0.0 0.26 0.0 0.0 0.0 0.0 0.0 0.30 0.0 0.0 0.96 0.0 0.0 0.0 0.0 0.0 0.0 0.0 0.0 0.0 0.76 0.0 0.0 0.0 0.0 0.85 0.0 0.0 0.0 0.0 0.0 0.80 0.0 0.0 0.0 0.0 0.0 0.0 0.0 1.52 1.39 0.0 0.40 0.0 0.50 0.0 0.0 0.0 0.0 0.0 0.0 0.0 0.0 0.0 0.0 0.75 0.0 0.0 0.0 0.0 0.0 0.0 0.0 0.0 0.0 0.81 0.0 0.0 0.0 0.0 1.68 1.93 0.0 0.0 0.0 0.93 0.0 0.0 0.0 1.83 1.39 0.0 0.0 0.0 0.0 1.57 0.0 0.0 0.0 0.0 0.0 0.0 0.29 0.0 0.0 0.0 0.0 0.0 0.0 0.0 0.0 0.0 0.0 0.81 0.0 0.0 0.0 1.42 0.81 0.0 0.0 0.09 0.0 0.57 0.0 0.0 0.0 0.72 0.0 0.0 0.0 1.14 0.0 0.0 0.0 1.08 0.0 0.0 0.0
1.27 0.0 0.46 1.74 0.91 0.0 0.0 0.0 0.0 0.0 1.92 0.0 1.33 0.0 0.0 0.39 0.0 0.0 0.56 0.0 0.0 0.0 0.0 0.0 0.0 0.0 0.20 0.0 0.0 0.0 0.0 0.0 1.50 0.0 0.0 0.01 0.0 0.0 0.30 0.0 0.0 0.0 0.0 0.0 0.0 0.0 0.0 0.0 0.0 0.0 0.0 0.43 0.0 0.0 0.0 0.0 0.0 0.0 0.0 1.85 1.28 0.0 0.84 0.0 0.91 0.0 0.0 0.0 0.0 0.0 0.15 1.19 0.0 0.96 0.0 0.90 0.0 1.36 0.0 1.45 0.47 0.0 0.0 0.0 0.0 0.0 0.01 0.0 0.0 0.0 0.0 0.0 0.0 0.0 0.0 0.0 0.0 0.0 0.0 1.50 0.0 0.0 0.0 0.0 1.23 0.0 0.0 0.0 0.0 0.0 0.0 0.0 0.0 1.73 0.0 0.30 0.0 0.0 0.0 0.0 0.0 0.0 1.22 0.0 0.0 0.0 0.0 0.0 0.0 0.0 0.0 0.0 0.0 0.0 0.0 0.0 0.0 0.0 0.0 1.96 0.0 0.0 0.0 0.0 0.0 0.98 0.0 0.0 0.0 0.0
1.40 0.0 0.0 0.0 0.0 0.0 0.23 0.0 0.0 0.0 0.0 0.0 0.0 0.0 0.0 0.0 0.0 0.72 1.03 0.0 0.0 0.0 1.36 1.10 0.0 0.0 0.0 0.69 0.0 0.67 0.0 0.0 0.0 0.0 0.0 0.0 1.08 0.0 0.0 0.0 0.0 0.0 0.0 0.0 0.0 0.0 1.06 1.33 0.0 0.33 0.0 0.0 0.0 1.55 0.0 0.0 0.0 0.0 0.24 0.0 0.08 0.0 0.0 0.0 0.0 0.0 1.35 0.0 0.0 0.0 0.32 0.0 0.0 1.63 0.0 0.0 0.0 0.0 1.42 0.0 0.0 0.67 0.0 0.0 0.0 0.0 0.0 0.0 0.0 0.0 0.0 1.76 0.52 0.0 0.0 0.0 0.0 1.40 0.0 0.0 0.0 0.0 0.0 0.0 0.0 0.0 0.0 0.96 0.0 0.0 0.0 0.0 1.04 0.0 0.0 0.0 0.0 0.0 0.0 0.0 0.27 0.0 0.0 0.0 0.50 0.0 0.0 0.10 0.0 0.0 0.0 0.0 0.0 0.0 1.32 0.0 0.0 0.0 0.0 0.94 0.0 0.0 0.0 0.0 0.0 0.0 0.0 0.0 0.0 0.0
0.0 0.0 0.0 0.98 0.0 0.0 0.0 0.0 0.0 0.0 0.0 0.0 0.0 0.0 1.16 0.0 0.0 1.73 0.0 0.0 0.0 0.0 0.0 0.0 0.0 0.0 0.0 0.0 0.0 0.0 0.0 0.0 0.0 0.0 0.29 0.0 0.0 0.0 0.0 0.0 0.0 0.0 0.0 0.0 1.36 0.0 0.0 0.0 0.0 0.0 0.0 0.96 1.42 0.0 0.0 1.16 0.0 1.47 0.0 0.09 0.0 0.0 0.0 0.0 0.0 0.0 0.0 0.0 0.0 1.40 0.0 0.0 0.0 0.0 0.0 0.0 0.0 0.0 0.32 0.0 0.0 0.38 1.24 0.0 0.0 0.0 0.0 0.0 1.01 0.0 0.0 0.0 0.0 0.0 0.0 0.0 0.0 0.0 0.0 0.0 0.0 0.0 1.49 0.98 1.32 0.0 0.0 0.0 0.0 0.0 0.74 1.68 0.0 0.31 0.0 0.0 0.0 0.0 0.56 0.0 0.0 0.0 1.02 0.0 0.0 0.0 0.0 0.0 0.0 0.0 0.0 0.0 0.12 0.0 0.0 0.0 0.0 0.0 0.0 0.0 0.0 1.63 0.0 0.0 0.0 0.0 0.07 0.0 0.0 0.56
1.11 0.0 0.38 0.0 0.0 0.0 0.0 0.0 0.0 1.07 0.0 0.0 0.0 0.0 0.0 1.27 0.0 0.0 0.0 0.0 1.55 0.0 0.0 0.0 0.0 0.0 0.0 0.0 0.0 0.0 0.0 1.68 0.0 0.0 0.0 0.0 0.0 0.0 0.0 0.0 0.0 0.94 0.11 0.0 0.0 0.0 0.0 0.0 0.0 0.0 0.0 0.0 0.0 0.0 0.0 0.0 0.0 0.0 0.54 0.14 1.00 0.0 0.0 0.0 0.17 0.0 0.0 0.0 0.0 0.0 0.0 0.0 0.26 0.0 1.58 0.0 0.0 0.0 0.0 1.18 0.0 0.0 0.0 0.0 1.38 0.0 1.33 0.0 0.0 0.0 1.25 0.0 0.0 1.15 0.38 0.0 0.0 0.0 0.0 0.0 0.0 0.0 0.14 0.0 0.0 0.0 0.0 0.0 0.0 0.0 0.0 0.0 0.0 0.43 1.43 0.0 0.0 0.0 0.85 0.0 0.0 0.0 0.0 0.0 0.0 0.0 0.0 0.0 0.0 0.0 0.0 0.0 0.0 0.65 0.0 0.0 0.0 0.91 0.0 0.0 0.81 0.04 0.0 0.0 0.44 0.0 1.35 0.0 0.0 0.0
0.0 0.0 0.0 0.44 0.0 0.0 0.0 0.0 0.0 0.0 0.0 0.0 0.0 1.56 0.0 1.55 1.39 0.0 0.45 0.0 0.0 0.0 0.0 0.0 0.97 0.0 0.0 0.40 0.0 1.67 0.0 0.0 0.0 0.0 0.0 0.0 0.08 0.0 0.12 0.0 0.0 0.0 0.0 1.70 0.0 0.0 0.0 1.08 0.0 0.0 0.0 0.0 0.0 0.0 1.42 0.0 0.0 0.0 0.0 0.0 0.0 0.0 0.0 0.0 0.0 0.0 0.0 0.09 0.0 0.0 0.0 0.71 0.0 0.0 0.0 0.0 0.0 0.0 0.0 0.0 0.0 1.63 0.0 0.0 1.29 0.0 0.05 0.0 0.0 0.0 0.0 1.15 0.0 0.0 0.0 1.75 0.0 0.0 0.0 0.0 0.0 0.0 0.0 0.39 0.0 1.88 0.0 1.34 0.0 0.0 0.0 0.0 0.0 0.0 1.76 1.04 1.70 0.0 0.0 1.34 0.0 0.0 0.0 0.0 0.0 0.51 0.0 0.0 0.0 0.0 0.0 0.43 0.0 0.0 0.0 0.0 0.0 0.0 0.0 0.0 0.0 0.0 0.0 0.0 0.0 0.0 0.0 1.44 1.16 0.0
0.0 1.41 0.0 0.0 0.0 0.0 0.0 1.03 0.0 0.0 0.0 0.92 0.0 0.0 0.0 0.0 0.0 0.0 0.0 1.81 0.0 0.0 0.0 0.0 0.0 0.0 0.0 1.18 1.27 0.0 1.14 0.46 0.29 1.51 0.0 0.0 0.0 0.0 0.0 0.0 0.0 0.0 0.0 0.0 0.04 0.0 0.40 0.0 0.0 0.0 0.0 1.43 0.0 0.0 0.62 0.0 0.0 1.26 0.0 0.0 0.0 0.0 0.08 0.0 0.0 0.0 1.97 0.0 0.0 0.96 0.0 0.0 0.0 0.0 0.0 1.23 0.0 1.07 0.0 0.12 1.17 0.0 0.0 1.64 0.0 0.0 0.0 0.0 0.0 0.0 0.0 1.19 0.0 0.0 0.0 0.0 0.0 0.0 0.0 1.52 0.0 1.10 0.00 0.0 0.0 0.0 0.0 0.0 0.0 0.0 0.0 1.54 0.0 1.37 1.90 0.0 0.0 0.0 0.0 0.0 0.0 0.0 0.0 0.0 0.0 1.16 0.0 0.0 0.0 0.44 0.0 0.0 0.0 0.05 0.0 0.0 0.0 0.0 0.0 0.0 0.0 1.27 0.0 0.0 1.44 0.0 0.0 0.0 0.0 0.0
0.0 0.0 0.0 0.0 0.0 0.61 0.0 0.0 0.0 0.0 0.0 0.79 0.0 0.0 0.0 0.0 0.03 0.0 0.0 0.0 0.0 0.0 0.0 0.0 0.0 0.0 0.0 0.0 0.0 0.0 0.0 1.96 0.0 0.0 0.0 1.54 0.0 0.0 0.0 0.0 0.0 0.0 0.75 0.0 0.0 0.0 0.0 0.0 0.57 0.0 0.0 1.40 0.0 0.0 0.0 0.0 0.0 0.0 0.0 0.0 0.0 0.0 0.0 0.0 0.20 0.0 0.01 0.0 0.0 0.0 0.0 0.0 0.0 0.0 0.0 0.96 0.0 0.0 1.90 0.0 0.0 0.29 0.29 0.0 1.72 0.0 0.0 0.0 0.57 0.0 0.0 0.0 0.0 0.0 0.0 0.0 0.0 0.0 0.0 0.0 1.88 0.97 0.0 0.0 0.59 0.0 0.0 0.0 0.51 0.0 0.0 0.0 0.0 0.0 0.0 0.0 0.0 0.0 0.0 2.00 0.0 0.0 0.0 1.72 0.0 0.0 0.0 0.0 0.44 0.0 0.0 0.0 0.0 0.0 0.0 0.0 0.0 0.0 0.0 0.0 0.0 0.0 0.0 0.0 0.0 0.17 0.25 0.0 0.0 0.27
0.0 0.0 0.0 0.0 0.60 0.35 0.0 0.0 0.0 0.0 0.48 0.0 0.0 0.0 0.0 0.0 0.16 0.0 0.0 0.0 0.0 0.43 0.0 0.0 0.0 0.0 0.0 0.0 0.0 0.0 0.0 0.0 0.0 0.80 0.0 1.04 0.0 0.0 0.0 0.0 0.90 0.0 0.0 0.17 0.0 0.0 0.0 0.0 0.0 0.0 1.55 0.0 0.0 0.0 0.0 0.0 0.0 0.0 0.0 0.0 0.0 0.0 0.15 0.0 0.0 0.0 0.0 0.0 0.0 0.52 0.0 0.0 0.14 0.0 0.0 0.0 0.0 0.0 0.0 0.0 0.0 0.18 0.0 0.0 0.0 0.0 0.0 0.0 0.0 0.0 0.0 0.0 0.0 0.0 0.0 0.0 0.0 0.0 1.34 0.0 1.10 0.0 0.0 0.0 0.40 0.0 0.0 0.0 0.0 0.0 0.0 0.0 0.0 0.0 0.0 0.0 0.0 0.0 0.0 0.23 0.0 0.0 0.0 0.53 0.0 0.0 0.0 0.0 0.0 0.0 0.0 0.0 0.0 0.0 0.0 0.0 0.0 0.0 0.0 0.0 0.0 0.0 0.0 0.0 0.0 0.0 0.0 0.03 0.0 0.0
0.0 0.0 0.0 1.05 0.0 1.44 0.0 0.0 1.75 0.15 0.0 0.0 0.0 0.0 1.84 0.0 1.45 0.0 0.0 0.0 0.0 0.0 0.0 0.0 0.97 1.74 0.0 0.0 0.0 0.0 0.0 0.0 0.0 0.0 0.0 0.0 0.0 0.0 0.0 0.0 0.0 0.0 0.0 0.0 0.0 1.98 0.0 0.18 0.0 0.73 0.0 0.0 0.0 0.0 0.83 0.0 0.0 0.0 0.0 0.0 0.0 0.0 0.0 0.0 0.0 0.0 0.0 0.02 0.0 0.0 0.0 0.0 0.0 0.0 0.60 0.0 0.0 0.0 0.0 0.21 0.0 1.63 0.0 0.0 0.0 0.0 0.0 0.0 0.07 0.0 0.0 0.0 0.0 0.0 0.0 0.0 0.0 1.14 0.0 0.0 0.0 0.0 0.0 0.96 0.0 0.0 0.0 0.0 0.0 0.0 1.11 0.0 0.0 0.0 1.15 0.0 0.0 0.0 0.0 0.0 0.0 0.0 0.0 0.0 0.0 0.0 0.0 0.0 0.0 0.0 0.0 0.0 0.0 0.0 0.0 0.0 0.0 0.0 0.0 0.0 0.32 0.29 0.0 0.0 0.0 0.0 0.0 0.0 0.0 0.95
1.60 0.0 0.0 0.83 0.0 0.0 0.0 0.0 0.0 0.0 0.0 0.0 0.0 0.07 0.0 0.0 0.0 0.25 0.0 0.0 0.0 0.0 0.0 0.0 0.0 0.0 0.0 0.0 0.0 0.0 0.0 0.0 0.0 0.0 0.0 0.0 0.0 0.0 0.0 0.0 0.0 0.82 0.0 0.0 0.0 0.0 0.0 0.71 0.0 1.19 0.0 0.55 0.0 0.77 1.80 1.42 1.17 0.0 0.0 1.29 0.0 0.13 0.0 0.0 1.29 0.0 0.0 0.0 1.01 1.82 0.0 0.0 1.08 0.0 0.0 0.0 0.0 0.0 0.0 0.0 0.0 0.0 0.0 0.0 0.0 0.0 0.0 0.05 0.0 0.0 0.0 1.49 0.0 1.82 0.0 0.0 0.0 0.33 0.0 0.0 1.75 0.50 1.97 0.0 0.0 0.0 0.0 0.0 0.0 0.25 0.0 1.88 0.0 0.56 0.0 0.0 0.0 0.0 0.0 0.0 0.0 0.0 0.0 0.0 0.0 0.0 0.84 0.0 0.0 0.0 0.0 0.0 0.0 0.0 0.0 0.17 0.0 0.0 0.41 1.39 0.0 0.71 0.0 0.0 1.08 0.0 0.0 0.0 0.0 0.0
0.0 0.0 0.0 0.0 0.0 0.0 0.0 0.0 0.0 0.0 1.23 0.0 0.0 0.0 0.0 0.0 0.0 0.0 0.0 0.31 0.0 1.23 0.0 0.0 0.0 0.91 0.0 0.0 0.44 0.0 1.33 0.0 0.0 0.0 0.0 0.0 0.0 0.0 0.0 0.0 0.0 0.0 1.20 0.0 0.0 0.0 0.0 1.51 0.0 1.39 0.0 0.0 0.0 0.0 0.0 0.0 1.78 0.0 0.0 0.0 0.0 0.0 1.29 0.0 0.85 1.17 0.0 0.64 0.0 0.0 0.0 0.0 1.94 0.0 0.0 0.0 0.0 0.0 0.0 0.0 1.45 0.0 0.0 0.0 0.0 0.0 0.0 1.50 0.0 0.0 0.0 0.0 0.0 0.0 0.0 0.0 0.0 0.0 0.26 1.08 0.0 0.0 0.0 0.0 0.0 0.0 0.0 0.0 0.0 0.25 0.69 0.51 0.0 0.0 0.0 1.96 0.0 0.0 0.85 0.0 0.0 0.0 0.0 0.0 0.0 0.0 0.0 0.0 0.0 0.0 0.0 0.0 0.0 0.0 0.0 0.0 0.0 0.0 0.0 0.0 0.0 0.0 0.0 0.0 0.0 1.03 0.06 0.0 0.0 1.28
0.0 0.0 0.59 0.11 0.0 0.0 1.79 0.0 0.19 0.0 0.0 0.0 1.32 0.0 0.0 0.0 0.0 0.0 1.87 0.0 0.0 0.0 0.25 0.0 0.0 0.0 0.0 0.0 0.0 0.0 0.0 0.0 0.0 0.0 0.54 0.0 0.0 0.0 0.0 0.0 0.0 1.82 0.0 0.0 0.0 0.0 1.09 0.0 0.0 0.0 0.0 0.0 0.0 0.0 0.0 1.02 1.11 0.0 0.0 0.0 0.0 0.0 0.0 0.0 0.0 0.29 0.0 0.94 0.0 0.0 1.66 0.0 1.36 0.0 0.0 0.0 0.0 1.47 0.0 0.81 0.0 0.0 0.0 0.17 0.0 0.0 0.0 0.0 0.0 0.0 0.0 0.0 1.82 0.0 0.0 0.56 0.0 0.0 0.0 0.0 0.32 1.22 0.24 0.0 0.96 0.0 0.0 0.0 0.55 1.19 0.03 0.0 0.0 0.02 0.0 0.51 0.0 1.91 1.96 0.0 0.0 0.0 0.51 0.0 0.38 0.0 0.0 0.0 0.0 0.0 0.0 0.0 0.0 0.0 0.0 0.0 0.0 0.0 0.0 0.59 1.06 0.0 0.0 1.58 0.11 0.71 0.0 0.0 1.57 0.0
0.0 0.0 0.0 0.0 0.20 0.0 1.18 0.0 0.0 1.78 0.0 0.0 0.0 0.0 1.24 0.0 0.0 0.0 0.0 0.0 0.0 0.0 0.0 0.0 0.0 0.0 0.23 0.0 0.92 0.0 0.0 0.0 0.0 1.52 0.0 0.0 0.0 0.0 0.0 0.0 0.0 0.0 0.0 0.0 0.45 0.0 0.0 0.0 0.0 0.0 0.0 0.0 0.0 0.0 0.0 0.0 0.0 0.0 0.0 0.08 0.0 1.24 0.0 0.0 0.0 0.0 0.0 1.10 0.0 0.0 0.0 0.0 0.0 0.0 0.0 0.0 0.0 0.0 0.25 0.0 0.0 0.0 0.0 0.0 0.0 0.0 0.0 0.0 0.0 0.0 0.0 0.0 0.0 0.63 0.0 0.0 0.20 0.0 0.0 0.0 0.0 1.08 0.0 1.38 0.0 0.0 0.0 0.0 1.02 0.0 0.0 0.0 0.0 0.0 0.0 0.0 0.0 0.0 0.59 0.0 0.0 0.0 0.0 0.0 0.0 0.11 1.78 0.0 0.0 1.06 1.60 0.0 0.0 0.0 0.10 0.0 0.0 0.0 0.99 0.0 0.0 0.0 1.27 0.0 0.0 0.0 0.0 0.0 0.0 0.0
0.19 0.0 0.61 0.0 0.0 1.04 0.0 0.0 0.0 0.0 0.0 0.0 0.37 0.0 0.0 0.0 0.0 0.87 1.86 0.0 0.0 0.0 0.0 1.49 0.0 0.0 1.10 0.0 0.0 0.0 0.0 0.29 0.95 0.0 0.0 0.0 0.0 0.0 0.0 0.0 0.0 0.62 0.0 0.0 0.0 0.0 0.0 0.0 0.0 0.0 0.0 0.0 0.0 0.0 0.0 0.0 0.0 0.11 0.0 0.0 0.0 0.0 0.0 0.0 0.0 1.17 1.72 0.08 0.0 0.0 0.19 0.0 0.0 2.00 0.0 0.0 0.20 0.0 0.0 0.0 0.0 0.72 0.0 0.0 0.92 0.0 0.0 0.0 0.0 0.0 0.0 0.0 0.0 0.0 0.0 0.0 0.0 1.00 0.0 1.92 0.0 0.0 1.29 0.0 0.0 0.0 1.98 1.21 0.0 0.0 0.0 0.0 0.0 0.0 0.0 0.0 0.0 0.0 0.0 0.0 0.0 0.0 0.0 0.0 0.0 0.0 1.05 0.98 0.0 1.39 0.0 0.0 0.0 0.0 0.0 0.0 0.0 0.32 1.99 0.0 0.0 0.0 0.0 0.0 0.0 0.28 0.0 0.0 0.0 0.0
0.0 0.0 0.0 0.0 0.0 0.0 0.73 0.0 0.0 0.0 0.0 0.20 0.0 0.0 0.0 0.05 0.0 0.0 0.0 0.0 1.86 0.0 0.0 0.0 0.0 0.0 1.45 0.0 0.0 0.0 0.0 0.0 0.0 0.0 0.0 0.0 0.04 0.91 0.0 0.0 0.0 0.0 0.96 0.0 0.0 0.0 0.0 0.0 1.51 0.0 1.39 0.0 0.0 0.0 0.0 0.0 0.0 0.0 0.0 0.0 0.18 0.0 0.0 0.0 0.48 0.05 0.0 0.0 0.0 0.0 0.0 1.18 0.0 0.0 0.0 0.44 0.0 0.0 0.0 0.46 0.0 0.0 0.0 0.33 0.0 0.0 0.0 1.86 1.63 0.0 0.0 0.0 0.0 0.0 0.0 1.69 1.66 0.0 0.0 0.0 0.0 0.0 0.0 0.0 0.0 0.0 0.0 0.0 0.0 0.0 0.0 0.20 0.0 0.0 0.0 0.0 0.52 0.60 0.0 0.0 0.96 0.0 0.0 0.0 1.80 0.0 0.0 0.0 0.0 1.97 0.0 0.0 0.0 0.0 0.0 0.0 0.0 0.0 0.0 0.0 0.71 0.0 1.94 1.94 0.0 0.0 0.26 0.0 0.0 0.0
0.0 0.0 1.66 0.0 1.44 0.0 0.0 0.0 0.0 0.0 0.0 0.0 0.0 0.0 0.0 0.83 0.0 0.0 0.0 0.0 0.0 0.0 0.94 1.60 0.0 0.0 0.0 0.0 0.0 0.0 0.0 0.31 0.0 1.48 0.0 0.0 0.62 0.72 0.0 0.0 1.67 0.0 0.0 0.0 0.0 0.0 0.0 0.0 0.0 0.0 0.41 0.0 0.0 0.0 0.0 0.0 0.30 0.0 0.0 0.75 1.52 0.0 0.0 0.0 1.78 1.44 0.0 0.0 1.41 0.0 0.0 0.0 0.0 0.0 0.0 0.0 0.0 0.0 0.0 0.26 1.64 0.0 0.0 0.0 0.0 0.0 0.0 1.46 0.0 0.0 0.0 0.0 0.0 0.0 1.04 0.0 0.0 0.0 0.0 0.0 0.0 0.0 0.29 0.0 0.0 0.0 0.0 0.0 0.26 0.0 0.0 0.0 0.0 0.0 0.0 0.0 0.0 0.0 1.82 0.0 0.0 0.0 0.0 0.0 0.75 1.65 0.0 0.0 0.73 0.0 1.82 0.0 0.0 0.0 0.0 0.0 1.77 0.0 0.0 0.0 0.0 0.0 0.0 0.0 0.0 0.0 0.0 0.20 0.0 0.10
0.0 0.0 0.23 0.0 0.0 0.0 0.0 0.0 0.0 0.0 0.0 0.0 1.74 0.0 0.0 0.0 0.0 0.0 1.46 1.12 0.0 0.0 0.0 0.0 0.0 0.0 0.0 0.0 0.0 0.0 0.0 0.0 0.0 0.0 0.0 0.0 0.0 0.0 0.0 0.0 0.0 0.0 0.0 0.0 0.0 0.0 0.0 0.0 0.0 0.0 0.0 0.0 1.33 0.0 0.0 0.0 0.0 0.0 0.0 0.0 1.05 1.43 0.0 0.0 0.0 0.01 0.0 0.0 2.00 1.78 0.0 1.20 0.0 0.0 0.0 0.0 0.0 1.60 0.0 0.0 0.0 0.0 0.0 0.0 0.0 0.0 0.0 0.0 0.0 0.92 0.0 0.05 0.0 0.0 0.0 0.0 0.0 1.67 1.05 0.0 0.0 0.0 0.0 1.93 0.0 0.0 0.90 0.0 0.0 0.0 0.0 0.0 0.0 0.0 0.0 0.0 1.05 0.0 0.0 0.0 0.0 0.0 0.0 0.0 0.0 0.0 0.0 1.90 0.0 0.0 0.90 1.37 0.0 0.0 0.0 0.0 0.0 0.0 0.0 0.0 0.0 0.17 0.0 0.0 1.96 0.0 0.0 0.0 0.0 0.05
0.0 0.0 0.0 0.17 1.31 1.49 0.0 0.0 0.0 0.0 1.69 0.0 1.12 0.0 0.0 0.0 0.48 0.0 1.74 0.0 0.0 0.0 0.0 0.74 0.0 0.03 1.65 0.0 0.0 0.0 0.0 0.0 0.0 0.0 0.0 0.0 1.88 0.0 0.0 0.80 0.0 0.0 0.0 0.0 0.0 0.0 0.0 0.0 1.82 0.0 1.97 0.0 1.54 1.98 0.0 1.58 0.0 0.43 0.0 0.0 0.10 0.0 0.0 0.68 0.0 0.0 0.0 0.18 0.0 0.0 0.0 0.0 0.0 0.0 0.0 0.0 0.0 0.45 0.0 0.60 0.0 0.0 0.0 0.0 0.0 0.0 0.0 1.02 0.0 0.0 0.0 0.0 1.96 1.87 0.0 0.0 0.64 0.0 0.0 1.51 0.0 0.0 0.19 0.0 0.47 0.0 1.44 0.0 0.0 1.22 0.0 0.0 0.0 0.57 0.0 0.0 0.0 0.0 0.0 0.0 0.0 0.0 1.69 0.0 0.76 0.0 1.70 0.0 0.0 1.34 0.0 0.0 0.0 1.32 0.0 0.0 0.57 1.55 0.0 0.0 0.0 1.48 0.0 0.0 0.78 0.0 0.0 0.0 1.29 0.0
0.0 0.0 0.0 0.0 0.48 0.98 0.0 0.0 1.35 0.0 0.0 0.0 0.0 0.0 0.0 0.0 0.0 0.0 0.09 0.57 0.44 0.0 0.0 1.27 0.0 1.25 0.0 1.11 0.0 0.0 0.65 0.0 0.0 0.0 0.0 0.0 0.0 0.0 0.0 0.0 0.92 0.0 0.0 0.0 0.0 1.31 0.0 0.0 0.94 0.0 0.0 0.0 0.0 0.0 0.0 0.0 0.0 1.75 0.0 0.0 0.0 0.0 0.0 1.49 0.0 0.0 0.0 0.0 0.0 0.0 0.0 0.0 0.0 0.0 0.0 0.0 0.0 0.0 0.0 0.0 0.76 0.0 1.61 0.0 0.0 0.0 0.0 0.0 0.0 0.0 0.0 0.16 0.0 0.0 0.0 1.09 0.0 0.0 0.0 0.0 0.0 0.0 0.0 0.0 0.95 0.0 0.0 0.0 0.0 0.0 0.0 0.08 0.60 1.87 0.0 1.82 0.0 0.0 1.26 1.31 0.0 0.0 0.0 0.0 0.11 0.0 0.0 0.0 0.0 0.0 0.0 0.0 0.0 0.0 0.98 0.53 0.0 1.53 0.0 0.0 0.65 0.0 0.0 0.0 0.16 0.0 0.0 0.0 0.0 0.0
0.0 1.89 1.34 0.0 0.67 0.0 1.44 0.01 0.0 0.0 0.0 0.0 0.0 0.0 0.0 0.0 0.0 0.47 0.0 0.0 0.0 1.70 0.03 0.25 0.0 0.50 0.0 0.0 0.0 0.0 1.32 0.0 0.51 0.0 0.0 0.20 0.0 0.0 1.79 0.0 0.0 0.0 0.19 0.0 0.0 0.0 0.0 0.0 0.0 0.0 0.61 1.50 0.0 0.0 1.44 0.0 0.0 0.0 0.0 0.0 0.0 0.26 0.0 0.0 1.61 0.16 0.0 1.43 0.0 0.0 0.0 0.0 0.01 0.0 0.0 0.0 0.0 0.0 0.0 0.0 0.0 1.44 0.0 0.0 0.0 0.69 0.0 0.0 0.0 0.0 0.35 0.0 0.0 0.0 0.0 0.36 0.0 0.0 0.0 1.96 0.0 0.0 0.12 0.0 0.0 0.0 0.0 0.0 0.0 0.0 0.0 0.0 1.83 0.0 0.17 0.53 0.0 0.0 0.82 0.0 0.0 0.0 0.0 0.0 0.0 0.0 1.97 0.0 0.0 0.0 0.0 0.0 0.0 0.0 0.0 1.74 0.0 0.0 0.58 0.0 0.0 0.0 0.0 1.81 0.0 0.0 0.0 0.0 0.0 0.0
0.0 0.0 1.00 0.0 0.0 0.0 0.0 0.0 1.19 0.0 0.0 0.0 0.0 0.0 0.0 0.0 0.0 0.0 0.74 0.0 0.0 1.73 0.0 1.56 0.0 1.24 0.0 0.0 1.90 1.89 0.0 0.0 0.0 0.0 0.0 0.0 0.0 0.0 0.88 0.0 1.63 0.0 0.0 0.0 0.0 0.0 0.0 0.0 0.34 0.0 0.0 0.0 0.0 0.0 0.0 0.0 0.0 0.0 0.0 0.0 0.0 0.0 1.47 0.0 0.0 0.0 1.07 0.0 0.0 0.0 0.0 0.0 0.0 0.0 0.0 0.0 1.84 1.98 0.0 1.61 0.0 0.0 0.0 0.0 0.0 0.0 0.0 0.0 0.0 0.0 0.0 0.0 0.0 0.0 0.0 1.69 0.0 0.0 0.0 0.0 0.81 0.0 1.51 0.0 0.0 0.0 0.0 0.0 0.0 0.0 0.0 0.0 1.45 0.0 0.0 1.83 0.0 0.0 0.0 0.0 0.0 0.0 0.0 0.0 0.0 0.63 0.0 0.0 0.0 0.0 0.0 0.0 0.0 0.0 0.0 0.0 0.0 0.0 0.61 0.0 1.86 0.0 0.0 0.0 0.0 0.0 0.0 0.0 0.0 0.0
0.81 0.0 0.0 0.0 1.02 0.0 0.0 0.0 0.0 0.0 0.0 0.0 1.94 1.35 0.0 0.0 1.64 0.0 0.19 0.0 0.0 0.0 0.0 0.0 0.0 0.0 0.0 0.0 0.0 0.0 1.40 0.0 0.0 0.0 0.0 0.0 0.0 0.0 0.0 0.0 0.0 0.0 0.0 0.0 0.0 0.0 0.0 1.29 0.0 0.0 0.0 0.0 0.0 0.0 0.37 1.46 0.98 1.96 0.39 0.0 0.0 0.0 0.0 0.0 0.0 0.0 0.07 0.0 0.0 1.36 0.0 0.0 0.0 0.0 0.0 0.0 0.0 0.0 0.0 0.0 0.0 0.0 0.0 0.0 0.0 0.0 0.90 0.0 0.0 0.0 0.0 0.0 0.24 1.50 0.0 0.0 0.0 0.0 0.0 0.0 0.0 0.0 0.0 0.0 0.0 0.0 0.0 1.71 0.0 0.0 0.0 0.0 0.0 1.21 0.0 0.0 0.0 0.0 0.0 0.0 1.14 0.03 0.0 0.0 0.0 0.49 0.30 0.81 1.88 0.0 0.0 0.0 0.0 0.0 0.0 0.0 0.37 0.60 0.0 0.0 0.0 0.0 0.0 0.0 0.0 0.0 0.0 0.0 0.0 0.43
0.0 0.0 1.35 0.0 0.0 0.0 0.0 0.48 0.0 0.0 0.0 0.0 0.0 0.0 0.0 0.64 0.0 0.84 0.0 0.0 0.0 0.0 0.0 0.80 0.24 0.0 0.0 0.0 0.0 0.0 0.66 0.33 0.0 0.0 0.53 0.0 1.32 0.0 0.0 0.62 0.0 0.0 0.0 0.0 0.0 0.0 0.0 0.0 1.34 0.0 0.0 0.0 0.0 0.0 0.0 0.0 0.0 0.76 1.89 0.0 1.43 0.0 1.82 0.02 0.0 0.0 0.0 0.0 0.0 0.0 1.44 0.0 0.0 0.0 0.0 0.0 0.0 0.63 0.0 0.0 0.0 1.63 0.0 1.57 0.0 0.0 0.0 0.0 0.0 0.0 0.0 0.0 0.0 0.0 0.0 0.0 0.0 0.0 0.0 0.0 0.0 1.14 0.0 0.0 0.0 0.0 0.0 0.0 0.0 0.0 0.0 0.03 1.19 0.0 0.0 0.0 0.0 0.0 0.0 0.0 0.0 0.0 0.0 0.0 0.10 0.0 0.0 1.29 0.0 0.0 0.0 0.0 0.0 0.0 0.0 0.0 1.98 0.0 0.0 0.0 0.0 0.42 0.0 0.0 0.0 0.0 0.0 0.46 0.0 0.0
0.0 0.0 0.0 0.0 0.0 0.0 1.07 0.0 0.0 0.0 1.00 0.0 0.0 0.0 0.68 0.0 0.0 0.0 0.0 0.77 0.0 0.0 0.0 1.85 0.0 1.68 0.0 0.0 1.44 0.65 0.0 0.0 0.0 0.03 0.0 0.14 0.0 0.0 0.0 0.0 1.95 0.0 0.0 0.0 0.99 0.0 0.0 1.88 1.52 0.0 0.0 0.0 0.0 0.0 0.0 0.0 0.0 0.0 0.45 0.88 1.00 1.23 0.0 0.0 0.0 1.27 0.0 0.0 0.0 0.0 0.0 1.33 0.0 0.0 0.23 0.0 0.0 0.0 0.0 0.0 0.0 0.51 1.30 0.0 0.0 0.0 0.0 0.36 0.24 0.0 0.0 0.0 0.0 0.0 0.0 0.0 0.0 1.88 0.0 0.0 0.0 0.0 1.90 0.0 0.0 0.0 0.0 2.00 1.36 0.0 0.0 0.0 0.0 0.0 0.0 1.16 0.0 0.0 0.0 0.0 0.0 0.0 0.0 0.0 1.41 0.0 0.0 0.0 0.0 0.0 0.0 1.78 0.0 0.0 1.77 0.0 0.0 0.0 0.0 0.0 0.0 0.0 0.0 0.0 0.0 0.0 0.0 0.0 0.0 0.0
0.0 0.0 0.0 0.0 1.64 0.0 0.0 0.0 0.0 0.0 0.0 0.0 0.0 1.17 0.0 0.0 0.0 1.06 0.0 0.0 0.0 1.52 0.0 0.13 0.0 0.0 0.14 0.0 0.0 1.17 0.0 0.0 0.0 1.74 0.0 0.0 0.0 0.24 1.20 0.27 0.0 1.94 0.0 0.0 0.0 0.0 0.0 0.0 0.0 0.0 0.0 1.32 0.0 0.0 0.70 0.65 0.0 0.52 0.0 0.0 0.0 0.0 0.30 0.0 0.0 0.0 0.0 0.0 0.0 0.0 0.0 0.0 0.0 0.68 0.0 0.0 0.62 1.47 0.0 0.0 1.18 1.51 0.0 0.0 0.0 0.0 0.98 0.0 0.0 0.0 0.0 0.0 0.90 0.93 0.0 0.59 0.0 0.0 0.0 0.0 0.0 0.0 0.0 1.66 1.64 0.0 0.0 0.0 0.0 0.0 1.77 0.0 0.0 1.29 0.0 0.0 0.0 0.0 0.0 0.0 0.0 0.95 1.61 1.47 0.0 0.0 0.0 0.0 0.0 0.0 0.0 0.0 1.64 0.0 1.11 0.0 0.58 0.0 0.0 0.80 0.0 0.0 0.83 0.0 0.0 1.51 0.0 1.27 0.0 0.0
1.36 0.0 0.08 0.60 0.0 0.0 0.0 0.0 0.0 0.0 0.0 0.0 0.0 0.0 0.0 0.0 0.0 0.0 0.0 0.93 0.0 0.0 0.70 1.21 0.0 0.0 0.0 0.0 1.88 0.0 0.0 0.0 0.0 0.72 0.0 1.07 0.0 0.0 0.0 0.83 0.0 0.0 0.14 0.12 0.27 0.0 0.0 0.0 0.0 0.0 1.14 0.0 0.0 0.0 0.0 0.60 0.82 0.85 0.07 0.0 0.54 0.0 0.01 0.0 0.0 0.0 0.0 0.0 1.13 0.26 0.0 0.80 0.0 0.0 0.0 0.0 0.0 0.0 0.0 0.0 1.27 0.0 0.0 0.0 0.70 0.31 0.0 1.13 0.0 0.45 0.31 0.0 1.06 0.0 0.0 0.0 0.0 0.0 0.0 0.0 0.0 0.0 0.0 0.0 0.0 0.22 0.0 0.0 0.0 0.84 0.0 0.0 0.0 0.0 0.0 0.0 0.0 0.0 0.0 0.0 1.93 0.50 0.0 1.87 0.0 0.0 0.0 0.0 0.0 0.0 1.57 0.0 0.0 0.0 0.0 0.0 0.0 0.0 1.19 1.51 0.0 0.0 0.0 0.0 0.0 0.0 0.60 0.0 0.0 0.0
0.0 0.81 0.0 0.0 0.0 0.0 0.58 0.0 0.0 0.0 0.72 0.0 0.0 0.0 0.0 0.0 0.0 0.0 0.0 0.0 0.0 0.0 0.0 0.0 1.54 1.90 0.0 0.0 0.0 0.0 0.0 0.0 0.0 1.60 0.0 0.0 0.0 0.0 0.0 0.0 0.0 1.05 0.0 0.97 0.0 0.0 0.0 1.55 0.0 0.0 0.0 0.0 1.99 0.0 0.0 0.0 0.0 0.0 0.0 0.0 0.0 0.52 0.0 0.52 0.0 0.0 0.0 0.0 0.0 1.77 0.0 0.0 0.0 1.04 0.47 1.01 0.0 0.0 0.0 1.23 0.0 0.0 0.35 0.0 0.0 0.0 0.0 0.0 0.0 0.0 0.0 1.00 0.0 1.87 0.0 0.0 0.0 0.0 0.42 0.74 0.0 0.0 0.0 1.92 0.0 0.0 0.0 0.0 0.0 0.0 0.0 1.58 0.0 0.0 0.0 0.0 0.17 1.26 0.0 0.0 0.0 0.0 0.0 0.0 0.0 0.0 0.0 0.0 0.0 0.0 0.0 1.55 1.01 0.0 0.0 0.44 0.0 0.0 0.0 0.0 1.89 0.0 0.0 1.42 0.0 0.0 0.0 0.0 0.0 0.0
0.0 0.0 0.0 0.0 0.0 1.26 0.36 1.80 0.0 0.68 0.0 0.0 0.0 1.77 0.0 0.0 0.0 0.0 0.0 0.0 0.99 0.00 0.0 0.0 0.0 0.0 0.0 0.0 0.0 1.63 0.0 0.0 0.06 0.0 0.0 0.0 1.92 0.0 0.0 0.0 0.0 1.57 0.0 0.0 0.90 0.0 0.0 0.0 0.0 0.0 0.0 0.12 0.0 0.0 0.0 0.0 0.0 0.0 0.0 0.0 0.0 0.0 0.0 0.0 1.15 0.0 0.0 0.0 0.90 1.67 0.0 0.0 0.0 0.0 0.0 0.0 0.0 1.79 0.0 0.0 1.84 0.0 0.0 0.0 0.0 0.0 0.0 0.0 0.0 0.0 0.0 0.0 0.0 0.0 0.0 0.0 0.0 0.0 0.0 0.0 0.0 0.0 0.0 0.0 0.0 0.0 0.0 0.0 1.30 0.0 0.24 0.0 0.0 0.70 0.0 0.0 0.0 0.0 0.0 0.0 0.0 0.0 0.0 0.0 0.0 0.22 0.0 0.0 0.0 0.0 0.0 0.0 0.0 0.15 0.0 0.0 0.91 0.0 0.0 0.0 0.0 0.0 0.54 0.0 0.0 0.0 0.0 0.0 0.0 0.0
0.0 0.0 0.0 0.48 0.0 0.0 0.0 0.76 0.0 0.0 0.0 0.0 0.0 0.0 0.0 0.0 0.0 0.0 0.96 0.0 0.0 0.19 1.01 1.81 0.0 0.0 0.0 0.0 0.0 0.0 0.0 0.0 1.17 0.0 0.0 0.0 0.0 1.38 0.0 0.0 1.47 0.0 0.0 0.0 0.0 0.0 0.98 0.0 0.0 0.32 0.0 0.0 0.0 1.89 0.0 0.0 0.0 0.0 0.0 0.95 0.0 0.0 0.0 0.0 0.0 0.0 0.03 0.0 0.0 0.0 0.75 0.0 0.0 0.0 0.65 0.0 0.0 0.0 0.79 0.0 0.0 1.89 0.0 0.0 0.0 0.0 0.0 0.0 0.54 0.0 0.99 0.0 0.51 0.0 0.0 0.0 0.0 0.0 0.0 0.0 0.25 0.92 0.0 0.0 0.0 0.77 0.0 0.0 1.40 0.0 0.0 0.34 0.0 0.0 1.50 1.93 0.0 0.0 0.0 0.81 1.16 0.0 0.0 0.0 0.0 0.0 0.0 1.69 0.0 0.0 0.0 0.0 0.0 0.0 0.0 0.0 0.65 0.0 0.0 0.0 0.0 0.0 0.0 0.0 0.0 0.0 0.0 1.74 1.62 0.0
0.0 0.0 0.0 0.0 0.0 0.0 0.29 0.0 0.0 0.0 0.0 0.0 0.0 0.0 0.0 1.38 0.0 0.0 0.0 0.0 0.0 0.0 0.65 0.0 1.98 0.0 0.0 0.29 0.97 0.82 0.0 0.0 0.0 0.0 0.0 0.0 0.0 0.0 0.0 0.0 0.0 1.46 0.0 0.25 0.0 0.0 0.0 0.0 0.0 0.0 0.0 0.0 1.58 0.0 0.0 1.50 0.0 0.0 0.0 0.0 0.0 0.0 0.90 1.47 1.19 0.0 0.0 0.01 0.0 0.0 0.0 0.0 0.0 0.0 0.0 0.0 1.78 0.0 0.0 1.12 1.10 0.0 0.0 0.0 0.0 0.0 0.0 0.0 1.42 1.67 0.0 0.0 0.71 0.0 0.0 0.0 0.0 0.39 0.0 0.0 0.0 1.92 0.0 0.0 0.0 0.0 1.47 0.0 0.0 0.0 0.0 0.92 1.14 0.0 0.0 0.0 1.18 0.0 0.0 0.0 0.0 0.06 0.0 0.0 0.0 0.0 0.0 0.0 0.0 1.60 0.0 0.0 0.0 0.0 0.0 0.0 0.0 0.0 0.0 1.88 1.53 0.0 0.0 0.0 0.0 0.0 0.0 0.0 0.0 0.0
0.0 0.0 0.0 1.45 0.37 0.0 0.21 0.0 0.0 0.0 0.55 1.98 0.0 0.0 0.0 0.0 0.45 0.0 0.0 0.0 0.0 0.0 0.0 0.0 0.0 0.0 0.0 0.0 0.0 0.0 0.0 0.0 0.0 0.0 1.20 0.0 0.0 0.0 0.0 0.22 0.04 1.73 0.0 0.0 0.0 0.0 0.90 0.0 0.0 0.0 0.0 0.0 0.21 0.0 0.0 0.0 0.0 0.0 0.0 0.0 0.0 0.0 0.0 0.0 1.75 0.0 0.0 0.0 0.0 0.0 1.22 0.0 0.0 0.0 1.94 0.02 0.0 0.0 0.0 0.0 0.0 0.0 0.0 0.0 0.0 0.0 0.0 0.0 0.0 0.0 0.0 0.0 0.0 0.0 0.0 0.0 0.0 0.0 0.0 0.0 1.37 0.0 0.0 0.97 1.85 0.0 0.0 0.0 0.0 0.0 0.0 0.0 0.0 0.0 0.0 0.0 0.0 0.0 0.0 1.77 0.0 0.43 1.09 0.0 0.0 1.38 0.0 0.0 0.57 0.0 0.0 0.0 0.0 0.0 0.0 0.0 0.0 0.0 0.0 0.14 0.0 0.0 0.0 0.0 0.0 0.0 0.0 0.23 0.0 0.0
0.0 0.0 0.0 0.60 0.0 0.0 0.0 0.0 0.0 0.0 0.0 0.0 1.36 0.0 0.74 0.0 0.0 0.0 0.0 0.0 0.0 0.0 0.0 0.0 0.0 0.0 0.0 0.0 0.0 0.0 0.0 0.0 0.0 0.0 0.0 0.0 1.71 0.0 0.0 1.67 0.0 0.0 0.0 0.0 0.0 0.34 0.0 1.60 0.0 0.0 0.0 0.0 1.13 1.41 0.0 0.0 0.0 0.0 0.0 0.0 0.43 0.0 0.0 0.0 1.61 0.0 0.0 0.0 0.0 0.0 0.18 0.0 0.0 1.96 0.0 0.0 0.0 0.0 0.0 0.0 0.0 0.0 0.0 0.0 0.0 0.0 1.59 0.0 0.0 0.23 0.0 0.0 0.0 0.0 0.25 0.0 0.0 0.0 0.0 0.0 0.0 0.0 1.29 0.0 0.0 0.0 0.0 1.78 1.71 0.0 1.71 0.0 0.0 0.59 0.0 0.0 1.00 0.0 0.0 0.0 0.0 0.0 0.0 0.0 0.0 0.0 1.66 0.0 0.92 0.0 0.0 0.0 0.0 0.0 0.0 0.0 0.0 0.0 1.99 1.43 0.0 0.0 0.28 0.0 0.0 0.0 0.0 0.0 1.77 0.0
0.0 1.89 1.93 0.0 0.0 0.0 0.0 0.0 0.98 0.0 0.0 0.0 0.51 1.86 0.18 0.0 0.03 0.14 0.0 0.0 0.0 0.0 0.16 0.0 0.0 0.0 0.0 0.0 0.0 0.65 0.90 0.0 0.0 1.84 0.0 0.99 0.0 0.0 0.0 0.0 0.0 0.21 1.82 0.0 0.0 0.0 0.0 0.0 0.0 0.81 0.0 0.0 0.70 0.0 0.0 1.46 0.0 0.0 0.0 0.0 0.0 0.0 0.0 0.0 1.98 0.0 0.0 0.0 0.0 0.0 0.0 0.0 0.86 0.0 0.0 0.0 1.21 0.0 0.0 1.42 0.0 0.0 0.0 0.0 0.0 0.0 0.0 1.57 0.0 0.0 0.0 0.0 0.0 1.67 0.0 0.0 0.0 1.85 0.54 0.68 0.0 0.0 0.0 0.0 0.0 0.0 0.0 0.0 0.0 0.0 0.0 0.0 0.0 0.0 0.0 0.0 0.0 0.0 0.0 0.0 0.0 0.0 0.0 0.0 0.0 1.89 0.0 0.0 0.0 0.33 0.0 0.0 0.0 0.0 0.0 0.0 0.0 0.0 1.60 0.0 0.0 1.00 0.0 0.0 0.55 0.0 0.0 0.0 0.0 0.0
0.0 0.0 0.0 0.59 0.0 0.0 0.0 0.0 0.0 1.29 1.22 0.0 0.51 0.0 0.02 0.0 1.49 0.0 0.0 0.0 0.0 0.0 1.21 0.0 0.0 1.62 0.0 0.0 0.0 0.0 0.73 0.0 0.0 0.0 0.0 0.0 0.0 0.0 1.81 1.77 0.0 0.0 0.0 0.0 0.0 0.20 0.0 0.0 0.0 0.0 0.0 0.0 1.58 0.0 0.0 0.0 0.0 1.39 0.0 0.0 0.0 0.0 0.38 0.0 0.00 0.0 0.0 0.0 0.0 0.0 0.0 0.0 0.0 0.0 0.0 0.0 0.0 0.0 0.0 0.08 0.0 0.0 0.18 0.0 0.0 0.0 0.0 0.0 0.0 0.71 0.0 0.0 0.0 0.0 0.0 0.0 1.84 0.0 0.0 0.0 0.0 0.0 0.0 1.47 0.0 0.76 0.0 0.0 0.40 0.0 0.0 0.0 0.0 0.65 0.0 0.0 0.0 0.0 0.0 0.0 0.0 0.0 0.0 0.0 0.0 0.0 0.0 0.0 0.0 0.0 0.0 0.0 0.0 0.0 0.0 1.96 0.0 0.0 0.0 0.0 1.70 0.0 0.0 0.0 0.0 0.0 0.0 0.0 1.67 0.0
0.0 0.0 0.0 0.0 0.0 1.57 0.0 0.52 0.0 0.0 0.0 0.0 0.0 0.0 0.0 0.0 0.0 0.0 0.0 0.0 0.0 0.0 0.0 0.0 0.18 0.0 0.97 0.0 0.0 0.0 0.0 0.0 0.0 0.0 0.0 0.0 0.50 0.0 0.0 0.0 0.43 0.0 0.0 0.0 0.67 0.0 0.0 0.0 0.04 0.0 0.0 0.73 0.0 0.0 0.0 0.80 0.0 0.0 0.0 0.73 0.0 0.0 0.0 0.0 0.0 0.83 0.0 0.0 0.0 0.0 0.0 0.0 0.0 0.0 0.0 0.0 0.0 0.0 1.20 0.0 0.0 0.0 0.80 0.0 0.0 0.0 1.65 0.0 0.46 0.0 0.0 0.0 0.0 0.0 0.0 0.0 0.0 0.0 0.0 0.0 0.0 0.0 0.0 0.0 0.0 0.0 0.0 0.0 0.0 0.0 0.0 1.88 1.24 0.0 0.0 1.19 0.0 0.0 0.0 0.0 0.0 0.0 0.57 0.0 0.0 0.0 0.0 0.0 0.0 0.0 0.16 0.0 0.0 0.0 0.37 0.0 1.55 0.0 0.0 0.0 0.46 0.0 0.74 0.0 1.54 0.60 0.0 0.48 0.0 0.0
0.0 0.0 0.0 0.0 0.0 1.47 0.0 0.0 0.0 0.0 0.0 0.0 0.0 0.0 0.0 0.0 0.0 0.0 0.0 0.0 1.57 0.0 0.0 0.63 0.0 0.0 0.0 0.0 0.0 0.0 0.69 0.0 0.0 1.88 0.0 1.28 0.0 0.0 0.0 0.0 0.0 0.0 0.0 0.0 0.0 0.0 0.0 0.0 0.0 1.93 0.0 0.40 0.0 0.0 0.0 0.0 0.0 0.0 0.0 0.0 0.0 0.0 0.0 0.0 0.0 0.0 0.0 0.0 0.0 1.80 0.0 0.77 0.0 0.0 0.98 0.0 0.0 0.0 0.0 0.0 0.24 0.0 0.0 1.32 0.0 1.46 0.0 0.0 0.0 1.29 0.0 0.0 0.0 0.0 0.0 0.35 0.0 0.0 0.32 0.0 0.0 0.0 0.0 0.0 0.18 0.0 0.00 0.0 0.0 0.0 0.0 0.0 0.0 0.0 0.0 0.0 1.20 0.0 0.69 0.0 0.0 0.57 0.0 0.0 0.0 0.0 0.09 0.0 0.0 0.0 0.0 0.0 0.0 0.0 1.47 0.0 0.0 0.0 0.0 0.0 0.0 0.0 0.0 0.0 0.0 0.69 0.0 1.94 0.0 0.0
0.0 0.0 0.18 0.0 0.0 0.0 0.0 0.0 0.0 0.55 0.0 0.0 0.24 0.0 0.0 0.13 0.0 0.0 0.0 1.31 0.0 0.0 0.0 0.0 0.0 0.0 0.0 0.0 0.0 1.56 0.0 0.0 0.0 1.27 0.0 0.0 1.50 0.0 0.81 1.69 0.0 0.0 0.88 1.78 0.0 0.0 0.0 0.0 0.0 0.0 0.08 0.0 0.0 0.0 0.0 0.0 1.32 0.0 0.0 0.0 0.0 0.0 0.0 0.0 0.0 0.0 0.06 0.0 0.0 0.0 0.0 0.0 0.0 0.0 0.0 0.0 0.0 0.0 0.0 0.49 0.0 0.0 0.0 0.0 0.0 0.0 0.0 0.0 0.0 0.0 0.0 0.0 0.0 0.0 0.0 0.0 0.0 0.83 0.15 0.0 0.0 0.0 0.24 0.0 0.0 0.0 0.0 0.0 0.0 0.66 0.98 0.0 1.56 0.0 0.0 1.39 0.0 0.0 0.21 0.0 0.0 0.0 0.0 0.0 0.0 0.0 0.0 1.88 0.0 0.0 0.88 0.0 0.72 0.0 0.0 0.0 0.0 0.0 0.0 0.0 0.0 0.0 0.0 0.0 0.0 0.0 0.0 0.0 0.0 0.69
0.0 0.0 0.0 0.0 0.70 0.0 0.0 0.0 0.0 1.45 0.0 0.0 0.54 0.0 0.0 0.0 0.0 1.05 0.0 0.0 0.0 0.0 0.0 1.31 0.0 0.0 0.0 0.0 0.0 0.0 0.0 0.0 0.0 0.77 0.0 0.0 0.0 1.65 0.44 0.0 0.0 0.0 0.0 0.0 0.32 0.0 0.0 0.0 0.0 0.0 0.0 0.0 0.0 0.0 0.0 0.11 0.0 0.0 0.0 0.0 0.0 1.59 0.0 0.0 0.0 0.0 1.16 0.0 0.0 0.0 0.0 0.0 0.66 0.0 0.0 0.0 0.0 0.0 0.0 0.0 0.0 0.37 0.0 0.0 0.0 0.0 1.28 0.0 0.0 0.0 0.0 0.0 1.72 0.0 0.0 0.0 0.0 1.68 0.0 0.17 1.95 0.0 0.0 0.0 1.47 0.0 0.0 0.0 0.0 0.0 0.0 0.0 1.93 0.0 0.0 0.15 0.0 0.0 0.0 0.0 0.0 0.0 1.55 1.08 0.0 0.0 0.0 0.0 0.0 0.0 0.0 1.14 0.0 0.0 0.0 1.41 1.82 0.75 0.0 0.68 0.0 0.0 0.0 0.0 0.0 1.38 0.0 0.0 0.0 0.75
0.0 0.0 0.0 0.80 1.36 0.0 0.0 0.0 0.0 0.0 0.0 0.0 0.0 1.59 0.0 0.0 0.0 0.0 0.0 0.0 1.76 0.0 0.0 0.0 0.0 1.09 0.99 0.0 0.74 0.0 0.64 0.19 0.0 0.0 0.0 0.0 0.0 0.0 1.47 0.0 0.84 0.43 0.26 0.0 1.02 0.0 0.0 0.0 1.98 0.0 0.0 0.0 1.37 0.0 0.0 0.0 0.0 0.0 0.0 0.0 0.91 0.0 1.65 0.0 0.0 0.0 0.0 0.0 0.0 0.0 0.0 0.0 0.0 0.0 0.29 0.0 0.0 0.0 0.0 0.0 0.0 0.0 0.0 0.0 0.40 0.0 0.0 0.0 0.0 0.0 0.0 0.0 0.0 0.0 0.0 0.55 0.0 0.0 1.10 0.05 0.0 0.0 0.19 0.0 0.0 0.82 0.0 0.0 0.0 0.0 0.0 0.0 0.0 0.0 1.17 0.0 0.0 0.0 0.0 0.0 0.0 0.0 0.0 0.0 0.0 0.68 0.0 0.0 1.41 0.0 0.0 0.0 0.0 0.54 0.0 0.0 0.0 1.98 0.0 0.0 0.0 0.94 0.0 0.0 0.0 0.0 0.82 0.0 0.0 0.0
0.0 0.0 1.36 0.0 0.0 0.0 0.0 0.0 0.0 0.0 0.09 0.0 0.0 0.0 0.0 0.0 0.0 0.0 0.0 0.0 0.0 0.0 0.0 0.0 0.0 0.0 0.0 0.0 1.17 0.0 0.0 0.0 0.19 0.0 0.37 0.0 0.0 0.0 0.0 0.0 0.0 0.0 0.0 1.98 0.85 0.0 0.0 0.0 0.0 0.0 0.0 0.0 0.0 1.54 0.0 0.0 0.0 0.0 0.0 0.0 0.0 0.0 0.0 0.0 0.0 0.0 0.0 0.0 0.0 0.0 0.0 0.0 1.87 0.0 0.0 0.0 0.0 0.81 1.36 0.0 0.0 0.0 0.0 1.43 0.0 0.0 0.99 0.0 0.0 0.0 0.0 0.0 0.0 0.0 1.12 0.0 0.0 0.0 1.39 0.0 0.0 0.14 0.0 0.0 0.0 0.0 0.0 0.0 0.83 0.0 0.0 0.0 1.78 1.10 0.0 0.39 0.0 0.0 0.0 0.0 0.05 0.07 0.0 0.0 0.0 0.18 0.0 0.0 1.59 1.52 0.65 0.0 0.0 0.0 0.0 0.10 0.0 0.0 0.0 0.0 1.40 0.61 0.0 0.0 0.0 0.0 0.98 0.0 0.0 0.0
0.0 0.0 0.0 0.0 0.0 0.0 0.0 0.0 0.0 0.14 0.0 0.0 0.86 0.0 0.0 0.71 0.0 0.0 0.0 0.0 0.0 0.0 0.0 0.0 0.0 0.0 0.0 0.0 0.0 1.27 0.0 0.0 0.0 0.0 0.0 0.0 0.0 0.0 0.13 0.0 0.0 0.0 0.0 0.0 0.0 0.0 0.0 0.0 0.0 0.0 0.71 0.47 1.47 1.57 0.0 0.0 0.0 0.0 0.0 0.0 0.0 0.0 0.0 0.0 0.05 0.0 0.0 0.0 0.0 0.0 0.0 1.38 0.77 0.0 1.30 0.0 0.0 0.0 0.0 1.14 0.0 0.0 0.0 0.0 0.02 0.0 0.0 0.0 1.83 0.0 0.80 0.0 0.0 0.0 0.0 0.0 0.0 0.0 0.53 0.0 0.71 0.0 1.36 0.0 1.45 0.0 0.0 0.0 0.0 0.0 0.0 0.0 0.0 0.0 0.0 0.0 0.0 0.0 0.0 0.73 0.0 1.89 1.79 0.0 0.0 0.0 0.0 0.0 0.57 0.0 0.0 0.57 1.00 0.0 0.0 0.0 0.0 0.0 0.77 0.0 0.0 0.18 0.97 0.0 0.0 0.0 0.0 0.0 0.0 0.0
0.0 0.81 0.07 1.24 0.0 0.0 1.64 0.0 0.0 0.0 0.0 0.0 0.69 0.0 0.0 0.0 1.11 0.77 1.92 0.0 0.0 0.0 0.0 1.72 0.71 0.0 0.99 0.0 0.0 0.0 0.0 0.0 0.0 0.0 0.0 0.0 0.0 0.0 0.0 0.0 0.0 1.65 0.0 0.0 0.0 0.0 0.0 0.0 0.0 0.0 0.0 0.0 0.0 0.0 0.0 0.0 0.0 0.0 0.0 0.0 0.0 0.0 0.0 0.0 0.0 0.0 0.0 0.0 0.0 0.0 0.0 0.0 0.0 0.0 0.0 0.0 0.55 0.77 0.0 0.0 0.0 0.0 1.88 0.0 0.0 0.45 0.0 0.53 0.0 0.0 0.0 0.0 0.0 0.0 0.0 0.0 0.99 0.0 0.0 1.09 1.09 1.58 0.0 0.0 0.0 0.0 0.59 0.0 1.66 0.0 0.0 1.72 0.0 0.0 1.51 0.22 1.52 0.0 0.0 0.0 0.0 0.0 0.0 0.0 0.0 1.01 0.0 0.0 0.0 1.31 0.0 0.0 0.0 0.0 0.0 0.0 0.0 0.0 0.0 0.17 0.0 1.39 0.0 0.0 0.0 0.0 0.0 0.0 1.85 0.0
0.0 0.0 0.0 0.0 0.0 0.0 0.0 0.0 0.0 0.0 0.0 1.67 0.0 1.06 0.0 0.0 0.0 0.0 0.0 0.0 0.0 0.0 0.0 0.0 0.0 0.0 0.0 0.0 0.0 0.67 0.0 0.11 0.0 0.0 0.0 0.0 0.57 0.0 0.0 0.0 0.72 0.0 0.0 0.0 0.0 0.0 0.0 0.0 0.0 0.40 0.80 0.0 1.60 0.0 0.0 0.0 0.0 0.0 0.0 0.0 1.03 1.24 0.0 1.56 0.10 0.0 0.0 0.0 0.0 0.0 0.0 0.0 0.0 1.13 0.0 0.0 0.0 0.0 0.0 0.0 0.0 0.0 0.0 0.0 0.0 0.0 0.62 1.51 0.0 0.0 0.0 0.0 0.0 0.0 0.0 0.0 1.06 1.25 1.04 0.0 0.0 0.0 0.0 0.0 0.0 0.0 0.0 0.0 1.43 0.0 0.0 0.0 0.0 0.19 0.0 0.0 0.0 0.0 1.35 0.0 0.0 0.12 0.0 1.24 0.0 0.21 0.0 0.0 0.0 0.0 1.74 0.0 0.04 0.0 0.0 0.0 0.0 0.0 0.46 0.52 0.0 0.0 0.0 0.0 0.0 0.0 0.0 0.0 0.0 0.0
0.0 0.0 0.0 0.0 0.0 0.0 0.0 1.53 0.0 0.0 0.0 0.0 0.0 0.0 0.0 0.0 0.0 0.0 0.0 0.75 0.27 0.0 0.0 0.0 0.64 0.0 0.0 0.0 0.0 0.0 0.0 0.0 0.0 0.0 1.62 0.90 0.0 0.0 0.0 0.0 0.0 0.0 0.0 0.0 1.95 0.0 0.0 0.0 0.0 1.93 0.0 0.48 0.0 0.0 0.0 0.63 0.34 0.0 0.0 0.0 0.0 0.0 0.0 0.0 0.0 0.0 0.0 0.0 0.0 0.0 0.0 0.0 0.0 0.0 0.0 0.0 0.0 0.0 0.0 0.0 0.0 0.0 0.0 0.96 0.0 0.0 0.0 0.82 1.38 0.0 0.0 0.0 0.0 0.39 0.0 0.0 0.0 0.0 0.0 0.0 0.44 0.0 0.50 1.26 0.0 0.0 0.0 1.41 0.0 0.0 0.0 0.0 0.0 0.0 0.0 1.17 0.0 0.0 0.0 0.0 0.23 0.86 0.0 0.0 0.0 0.0 0.0 0.64 0.0 0.0 0.0 0.0 0.0 0.08 1.35 0.0 0.0 0.0 0.0 0.0 0.0 0.0 0.0 0.0 1.79 0.0 0.0 1.20 0.0 0.46
0.0 1.98 0.0 0.0 0.0 0.50 0.0 0.0 0.0 0.0 0.0 0.0 0.21 0.0 0.53 0.96 0.0 0.0 0.53 0.0 0.0 0.0 0.0 0.0 0.21 0.0 0.0 0.0 0.0 0.0 0.0 0.0 0.0 0.0 1.53 0.57 0.0 0.0 0.0 0.0 0.0 0.0 0.0 0.93 1.28 1.16 1.37 0.63 0.0 0.0 0.0 0.01 0.0 0.0 0.0 1.68 0.0 0.0 0.0 0.0 0.55 0.0 0.0 0.0 0.67 0.0 0.0 0.0 0.0 0.0 1.21 0.0 0.0 0.0 1.20 1.34 0.0 0.0 0.0 0.0 0.0 1.70 0.0 0.62 0.0 1.01 0.0 0.0 0.74 0.0 0.0 0.0 0.0 0.0 1.83 0.0 1.00 0.0 0.0 0.0 0.0 0.0 0.16 0.0 1.43 0.0 0.0 0.0 0.0 0.0 0.0 0.0 1.18 0.0 0.81 0.0 0.0 0.0 0.0 0.0 0.0 0.0 0.0 0.0 0.0 0.0 0.0 0.0 0.0 0.0 0.0 0.0 0.0 0.0 0.0 0.0 0.0 0.0 0.0 1.50 0.73 0.0 0.0 0.97 0.0 0.0 0.0 0.0 0.0 0.85
0.0 0.0 1.37 0.0 0.0 0.0 0.0 0.0 0.0 0.0 0.0 0.0 0.0 0.0 0.0 0.0 0.0 0.0 0.0 0.0 0.0 0.0 0.0 0.0 0.0 0.0 0.80 0.0 0.0 0.0 0.71 0.0 0.0 0.0 0.0 0.0 0.0 0.0 0.0 0.0 0.0 0.0 0.61 0.0 0.0 0.0 0.0 0.0 0.0 0.0 0.0 1.19 1.85 0.0 0.0 0.0 0.0 0.0 1.51 0.0 0.0 0.0 0.0 0.55 0.0 0.0 0.0 1.79 0.0 0.0 0.50 0.0 1.95 0.0 0.0 0.0 2.00 0.0 0.0 0.0 0.0 0.0 0.0 0.0 0.67 0.0 0.0 0.0 0.0 0.0 0.0 1.94 0.0 0.0 0.0 0.0 0.0 0.0 1.05 0.0 0.0 0.0 0.22 0.0 0.0 1.50 0.0 1.97 0.0 0.0 0.0 0.99 0.0 0.22 0.0 0.0 1.97 0.0 0.0 0.0 0.0 0.0 0.0 0.0 0.0 0.0 0.66 0.0 0.0 1.50 0.0 0.0 0.0 0.0 0.0 0.0 0.0 0.0 0.0 1.04 0.0 0.0 0.0 0.0 0.0 0.0 0.0 0.34 0.0 0.0
0.0 0.0 0.0 0.0 0.0 0.0 0.0 0.44 0.0 0.0 0.0 0.0 0.0 0.0 0.58 0.0 0.0 0.0 0.0 0.35 0.0 0.0 0.0 0.77 1.51 0.0 0.0 0.0 0.0 0.0 0.0 1.26 0.0 0.0 1.79 0.0 0.0 0.0 0.0 0.0 0.0 0.0 0.0 0.0 0.0 0.50 0.0 0.0 1.21 0.0 0.0 0.0 0.0 0.0 0.65 0.0 0.0 0.59 0.0 0.0 0.87 0.0 0.0 0.0 0.0 0.0 0.11 0.0 0.0 0.0 0.0 0.0 0.0 0.0 1.53 0.41 0.0 1.14 0.0 0.0 0.0 0.0 0.0 0.0 0.0 0.0 0.0 0.0 0.0 0.0 0.0 0.0 0.24 0.0 0.0 1.38 0.0 0.0 0.0 1.83 0.0 0.0 1.42 0.0 1.91 0.56 0.0 0.0 0.0 0.0 0.0 0.0 0.0 0.0 0.0 0.0 0.0 0.0 0.0 0.0 0.05 0.0 0.21 0.0 0.0 0.0 0.0 0.0 0.0 0.0 0.0 0.0 0.0 0.0 0.55 0.0 0.0 0.0 0.72 0.0 0.0 0.29 0.0 0.0 0.0 0.0 0.24 0.0 0.0 0.63
1.64 0.0 0.0 0.0 0.0 0.0 0.84 0.0 0.0 0.0 0.0 0.0 0.0 0.0 0.0 0.0 0.0 0.0 0.0 1.89 0.0 1.87 0.0 0.0 1.15 0.0 0.0 0.0 1.46 0.0 0.0 1.78 0.0 0.0 0.0 0.0 0.0 0.0 0.0 0.0 0.0 0.0 0.0 0.0 0.0 0.0 0.0 0.0 0.0 1.42 0.0 0.30 0.0 0.0 0.70 0.0 0.15 0.0 0.0 0.0 0.0 0.0 0.0 0.0 0.0 0.0 0.0 0.31 0.0 0.02 0.0 0.0 0.0 0.0 0.0 0.0 0.0 0.0 0.0 0.0 0.0 0.0 0.0 0.0 0.71 0.0 0.0 0.0 1.39 1.61 0.0 0.0 0.0 0.0 0.65 0.0 0.0 0.0 0.0 0.0 0.0 0.0 0.0 1.97 0.97 0.0 0.0 0.0 0.0 0.0 1.58 0.0 0.0 0.0 0.0 0.0 0.0 0.0 0.0 0.0 0.0 0.0 0.73 0.0 0.0 0.0 0.0 0.0 0.0 0.0 0.0 0.0 0.0 0.0 0.0 0.09 1.42 0.0 0.0 0.0 0.0 0.0 0.0 0.0 0.0 0.18 0.0 0.0 0.0 0.0
0.0 0.0 0.0 0.0 0.0 0.0 0.0 0.0 0.0 0.09 0.0 0.0 0.0 0.0 0.0 0.69 0.0 0.0 0.0 0.0 0.0 0.0 0.09 0.0 0.0 0.0 0.0 0.0 0.0 0.0 0.0 0.0 1.73 0.0 0.0 1.57 1.35 0.0 0.0 1.27 0.0 1.87 0.0 1.40 0.0 0.0 0.0 0.0 0.94 0.0 0.0 0.0 0.93 0.0 0.0 0.0 0.0 0.0 0.0 0.94 0.0 0.0 0.0 0.0 0.0 0.0 0.0 0.0 0.0 0.0 0.0 0.0 0.0 0.0 0.0 0.49 0.0 0.0 0.0 0.0 0.0 1.80 0.0 0.0 0.0 0.0 0.0 0.0 0.0 0.35 0.0 0.0 1.37 0.0 0.0 0.0 0.0 1.11 1.74 0.0 1.84 0.0 0.0 0.0 0.0 0.0 0.0 0.0 0.0 0.0 1.45 0.0 0.0 0.0 0.0 0.21 0.0 0.0 1.20 0.0 0.0 1.04 0.0 0.0 0.0 0.0 0.0 0.0 0.24 0.0 0.0 0.0 0.0 0.0 0.0 0.0 0.0 0.0 0.0 0.0 0.0 0.64 0.0 0.0 0.98 0.0 0.0 0.37 0.0 0.0
1.48 0.0 0.0 0.0 0.0 0.0 0.0 0.95 1.35 0.0 1.84 0.0 0.11 0.0 1.03 0.0 0.37 0.0 0.0 0.97 0.0 0.0 0.0 0.0 0.0 0.0 0.0 0.0 0.0 1.32 0.0 0.0 0.0 0.0 0.27 0.0 0.68 0.0 0.0 0.0 0.0 0.0 0.0 0.0 0.0 0.0 0.0 0.0 0.0 0.0 0.0 0.0 1.08 0.0 0.0 0.0 0.0 0.76 0.0 0.0 0.84 0.0 0.0 0.0 0.0 0.0 0.0 1.01 0.0 0.64 0.0 0.0 0.0 0.0 1.44 0.0 0.0 0.0 0.0 0.0 0.0 0.0 0.0 0.0 0.0 0.0 0.0 1.36 0.0 0.0 0.0 0.0 0.0 0.0 0.0 0.0 0.0 0.0 0.0 0.77 0.0 0.0 0.31 0.0 0.0 0.0 0.0 0.0 0.0 0.0 0.0 1.45 0.0 0.0 0.0 0.0 0.0 1.02 0.0 0.0 0.0 0.0 0.0 1.61 0.0 1.30 0.13 0.0 0.0 0.0 0.0 0.0 1.98 0.0 0.0 0.0 0.0 0.97 0.0 0.35 0.17 0.0 0.0 0.88 0.0 0.0 0.0 0.0 0.0 1.38
0.0 0.0 0.0 0.57 0.0 0.0 0.87 0.0 0.0 0.0 0.0 0.0 0.0 0.0 0.0 0.0 0.0 0.0 0.0 0.0 0.0 0.0 0.0 0.75 0.67 0.0 0.0 0.0 0.0 0.0 0.0 1.18 0.0 1.71 0.0 0.0 0.0 0.0 0.30 0.0 0.0 0.0 0.0 0.0 1.30 0.0 0.0 0.0 1.53 0.0 1.53 0.0 0.0 0.0 0.0 0.0 1.22 0.0 0.0 0.0 1.68 0.0 0.0 0.0 0.0 0.0 0.0 0.0 0.0 0.0 0.0 0.0 1.52 0.0 0.88 0.0 0.0 0.0 0.0 0.0 0.0 0.0 0.0 0.0 0.0 0.0 1.44 0.0 0.96 0.0 1.45 0.23 0.0 0.54 0.0 0.0 0.0 0.17 0.0 0.0 0.0 0.0 0.0 0.0 1.87 1.91 0.0 0.46 0.0 1.73 1.47 0.0 0.0 0.0 0.0 0.0 1.46 0.40 0.87 0.60 0.0 0.0 0.0 0.13 0.0 0.0 0.0 0.0 0.0 0.0 0.0 0.0 0.0 0.0 0.0 0.88 0.0 0.0 0.0 0.0 0.0 0.0 0.85 0.0 0.0 0.0 0.0 0.0 0.0 0.0
0.0 0.0 0.0 0.0 0.0 0.0 0.0 0.0 0.0 0.0 0.0 0.0 0.0 0.0 0.0 0.0 0.0 0.0 0.0 0.11 0.0 0.0 0.0 0.0 0.0 1.49 0.46 0.0 0.42 0.0 0.0 0.0 0.0 0.0 0.0 0.0 0.0 0.0 0.0 0.0 0.0 0.0 0.0 0.0 0.0 0.0 0.95 0.0 0.0 0.71 0.0 1.38 0.0 1.90 0.0 0.0 1.30 0.0 0.98 0.0 0.0 0.0 0.0 1.83 0.0 0.0 0.0 0.85 0.0 0.0 0.0 0.0 0.0 0.0 0.0 0.0 0.0 0.0 0.0 0.0 0.93 0.89 0.0 1.72 0.0 0.0 0.0 1.19 0.0 0.0 0.0 0.0 0.0 0.76 0.0 0.0 0.0 0.0 0.0 0.0 0.0 0.0 0.0 0.0 0.0 0.0 0.0 0.0 0.0 0.0 0.0 0.0 0.0 0.0 1.67 0.0 0.0 1.44 0.0 0.55 1.83 0.0 0.0 0.0 0.0 0.0 0.0 0.0 0.0 0.0 0.97 0.0 0.53 0.0 0.0 1.55 0.0 0.06 1.16 0.0 0.0 0.0 0.18 0.0 0.0 0.0 0.0 0.0 0.0 0.83
0.0 0.0 0.0 1.39 0.0 0.49 0.0 0.0 1.13 0.0 0.0 0.0 0.0 0.0 0.0 0.0 0.0 0.0 0.0 0.0 0.0 0.0 0.43 0.0 0.0 0.0 0.0 0.0 0.24 0.0 1.00 1.16 0.0 0.0 0.0 1.79 0.0 0.0 0.0 0.0 0.0 0.0 0.0 1.05 0.0 0.87 0.0 0.61 0.0 0.0 1.21 0.86 1.24 0.0 0.0 0.0 0.0 0.11 0.0 0.0 0.0 0.0 0.0 0.0 0.0 0.0 0.0 0.0 0.0 0.0 0.0 0.0 0.0 0.0 0.0 1.80 0.95 0.0 0.0 0.0 0.0 0.0 0.0 0.0 0.0 0.0 0.0 0.0 0.0 1.90 0.0 0.0 0.0 1.02 0.0 0.0 0.0 0.0 0.0 0.0 0.0 0.0 0.0 0.00 0.0 1.46 1.96 0.0 0.0 0.0 0.0 0.0 0.0 0.0 0.0 0.0 0.0 1.18 0.0 0.0 1.24 0.0 0.0 0.0 0.0 1.35 1.41 0.0 0.0 0.0 0.0 0.0 0.0 0.0 0.0 0.0 0.0 0.0 0.0 0.0 0.0 0.0 0.0 0.0 0.0 0.0 0.0 0.0 0.0 0.0
0.0 0.0 0.0 0.31 0.0 0.0 0.0 0.0 0.0 0.0 0.0 0.0 0.0 0.0 0.0 0.0 0.0 0.0 0.0 0.0 0.0 1.26 0.0 0.0 0.0 0.0 0.0 0.0 0.0 0.72 0.0 0.0 0.0 0.0 0.0 0.57 0.0 0.0 0.0 0.57 1.92 0.0 0.0 0.0 0.53 0.0 0.0 0.0 0.0 0.0 0.0 0.0 0.0 0.0 0.0 0.0 0.0 0.0 1.66 0.0 0.0 0.0 0.0 0.41 0.0 0.0 0.0 0.0 0.0 0.0 0.0 0.0 0.0 0.0 0.0 0.0 0.36 0.30 0.0 0.0 0.0 0.0 0.0 1.88 0.0 0.0 0.0 0.0 0.0 1.61 1.69 0.0 0.0 0.0 0.0 0.0 0.0 0.0 0.0 0.0 0.0 0.0 0.0 0.0 0.0 0.0 0.74 0.0 1.44 0.0 0.0 0.0 0.0 0.17 0.0 0.0 0.0 0.0 0.0 0.0 0.0 0.0 0.0 0.52 0.0 0.0 0.92 0.0 0.0 0.0 0.0 0.0 0.0 0.0 0.0 0.92 0.0 0.0 0.0 0.0 0.0 0.0 1.29 0.0 0.0 0.0 0.0 0.0 0.0 1.98
0.0 1.73 0.0 0.0 1.53 0.0 0.0 0.0 0.0 0.0 0.0 0.0 0.0 0.0 0.0 0.0 0.0 0.0 0.0 0.0 0.0 1.67 0.0 0.0 0.06 0.0 0.0 0.0 0.0 0.0 0.0 1.22 0.0 0.0 0.0 0.0 0.0 0.63 0.0 1.71 0.65 0.0 1.38 0.0 0.0 0.0 0.0 0.0 1.05 0.0 0.66 0.0 0.0 0.0 0.0 0.37 0.0 0.0 0.0 1.84 1.20 0.0 0.0 0.0 0.0 0.19 0.50 0.0 0.0 0.0 1.57 0.0 0.0 0.0 0.0 0.0 0.0 0.0 0.0 1.74 0.0 1.94 0.0 0.66 1.35 0.0 1.89 0.0 0.0 0.0 0.0 0.0 0.0 0.38 0.0 0.0 1.10 0.0 0.0 0.0 0.0 0.0 0.0 0.0 0.09 0.0 0.0 0.0 0.44 0.0 0.0 0.0 0.0 0.0 0.0 0.0 0.0 0.0 1.71 0.0 1.13 0.0 0.0 0.0 0.0 0.0 0.0 0.0 0.0 0.0 0.0 0.0 0.0 0.0 1.96 0.0 1.25 0.0 0.0 0.0 0.0 0.0 0.0 0.0 0.0 0.0 0.0 0.0 1.88 0.0
0.0 0.0 0.0 0.0 0.0 0.0 0.0 0.0 0.0 0.48 0.0 0.0 0.0 0.0 0.0 0.61 0.55 0.0 0.0 0.0 0.0 0.0 0.0 0.0 0.0 0.0 0.0 0.0 1.54 0.0 0.0 0.0 0.0 0.0 0.0 1.90 0.0 0.0 0.55 1.21 0.0 0.0 0.0 0.0 0.0 0.0 0.0 0.0 0.0 0.0 0.0 0.0 0.0 0.0 0.0 0.0 1.33 0.0 0.0 0.0 0.0 0.0 0.0 1.33 0.0 1.12 0.0 0.0 0.0 0.0 1.84 1.84 0.0 1.12 0.0 0.0 0.0 0.0 0.0 0.0 0.0 0.0 0.0 0.0 0.0 0.0 0.0 0.0 0.0 0.0 1.84 0.0 0.0 1.04 0.0 0.0 0.0 0.0 0.95 0.0 0.0 1.05 0.37 0.0 0.0 0.0 0.0 0.0 0.0 0.0 0.0 0.0 1.57 0.82 0.0 0.0 0.0 0.0 0.0 0.0 0.54 0.0 0.0 0.0 0.0 0.71 0.0 0.0 0.0 1.36 0.0 0.0 0.20 0.0 0.0 0.0 0.0 1.21 0.0 0.0 1.30 0.0 0.0 1.89 0.0 0.0 0.0 0.56 0.0 0.0
0.0 0.0 0.0 1.18 0.0 0.0 0.0 0.0 0.92 0.0 0.0 0.0 0.0 0.0 0.0 1.27 0.0 0.0 0.0 0.0 1.33 0.69 1.74 0.0 0.0 0.0 0.0 0.0 0.0 0.0 0.01 0.0 0.0 0.0 0.25 0.0 0.34 0.0 0.0 0.0 0.0 0.28 0.0 0.0 0.0 0.66 0.0 1.12 0.0 0.0 0.0 0.0 0.0 0.0 0.0 0.0 0.0 0.0 0.0 0.51 0.0 0.0 1.86 1.68 0.0 0.0 1.55 0.0 0.0 0.0 0.74 0.0 0.0 0.0 0.0 0.0 0.0 0.0 0.68 0.0 0.0 0.0 0.09 0.0 1.30 0.0 0.30 0.04 0.0 0.0 0.0 0.0 1.05 0.86 0.0 0.29 0.0 0.0 0.0 0.0 0.0 0.0 0.84 0.0 0.0 0.0 0.0 0.0 0.0 0.0 0.0 0.0 0.0 1.40 0.0 0.0 0.0 0.0 0.0 0.0 0.0 0.0 0.0 0.0 0.99 0.0 1.81 0.0 0.0 0.0 1.11 0.0 0.0 0.0 0.0 0.09 0.0 0.0 0.0 1.32 0.0 0.0 0.0 0.0 0.0 0.89 0.36 0.0 0.0 1.53
0.0 0.0 0.0 0.82 0.0 0.0 0.63 0.0 0.0 0.0 0.0 0.0 0.0 1.10 0.0 0.0 0.0 0.0 1.59 0.71 0.0 0.43 0.0 0.0 0.0 0.0 0.0 0.0 0.0 0.0 0.0 0.0 1.77 0.0 0.0 0.0 0.0 0.39 1.98 0.0 0.0 0.0 0.0 0.0 0.0 0.0 0.0 0.0 0.87 1.81 0.0 0.0 0.0 0.0 1.17 0.0 0.0 1.25 0.0 1.66 0.0 0.0 1.47 0.0 0.0 0.0 0.21 0.0 0.0 1.33 0.0 1.77 0.0 0.65 0.0 0.0 0.0 0.0 0.0 0.94 0.0 0.0 0.0 0.0 0.0 0.0 0.0 0.0 0.0 0.0 0.0 0.0 0.0 0.0 0.0 1.04 0.0 0.0 0.0 0.27 0.0 0.0 0.0 0.0 0.0 0.0 0.0 1.30 0.0 0.0 0.0 0.0 0.0 0.0 0.0 0.0 0.0 0.0 0.0 1.32 0.0 0.0 0.0 0.0 0.0 0.79 0.0 0.0 0.0 0.0 0.0 0.0 0.0 1.85 0.0 0.0 0.0 0.16 0.0 0.0 0.0 1.15 0.0 1.29 0.0 0.0 0.0 0.0 1.42 0.0
0.0 0.0 0.0 0.0 0.0 0.0 1.98 1.01 0.0 0.0 0.0 0.0 0.0 1.33 0.0 0.0 0.0 0.0 0.0 1.87 0.0 1.17 0.0 1.90 0.0 1.33 0.0 1.10 0.0 0.0 0.0 0.0 0.0 0.0 0.0 0.0 1.23 0.0 0.0 0.0 0.0 0.0 0.0 0.0 1.12 1.30 0.0 1.63 0.0 1.89 0.0 0.0 0.0 0.0 0.0 0.0 1.89 0.0 0.0 0.0 0.39 0.0 0.0 0.0 1.48 0.0 0.0 0.0 0.25 0.0 0.0 0.0 1.38 0.0 0.0 0.0 0.0 0.0 0.0 0.0 0.0 0.0 1.48 0.0 0.0 0.0 0.0 0.0 0.0 0.0 1.72 0.0 0.0 0.0 0.0 0.0 0.0 0.0 0.0 0.0 0.0 0.0 0.74 0.0 0.0 0.0 0.0 0.0 0.0 0.0 1.10 0.0 0.0 0.0 0.80 0.0 1.38 1.86 0.43 0.0 1.74 1.56 0.0 0.0 0.07 0.13 1.22 1.93 0.0 0.0 0.0 0.0 0.0 0.0 0.0 0.0 0.0 1.88 0.0 0.0 0.77 0.0 0.0 0.0 0.90 0.0 0.0 0.0 0.0 1.66
0.0 0.0 0.0 0.0 0.0 0.0 0.0 0.0 0.0 0.0 0.0 0.0 0.0 0.0 0.0 0.0 0.79 0.0 0.0 0.0 0.0 0.0 0.0 0.0 0.0 0.0 0.0 0.0 0.0 0.0 0.0 0.0 1.92 0.0 0.0 0.0 0.0 1.16 0.0 0.0 0.71 0.0 0.0 1.85 0.0 0.0 0.0 0.89 0.0 1.61 0.0 0.54 0.0 0.0 0.0 0.0 1.88 0.0 0.0 0.0 0.48 0.0 1.84 0.0 0.05 0.0 0.0 0.0 0.0 0.0 0.0 0.0 0.0 0.0 1.60 0.0 0.0 0.77 0.0 0.0 0.0 0.0 0.0 0.0 0.0 0.81 0.0 0.0 0.0 0.60 0.0 0.0 0.0 0.0 0.0 0.0 0.0 0.0 0.0 0.0 1.53 0.0 0.0 0.0 0.0 0.0 0.0 0.0 0.0 0.0 0.0 0.0 0.0 0.0 0.0 0.0 1.12 0.0 0.0 0.0 0.0 0.0 0.0 0.70 0.0 0.98 0.0 0.0 0.0 0.0 0.0 0.0 1.15 0.0 0.0 0.0 0.0 0.0 0.0 0.0 0.0 0.0 0.0 0.0 0.0 0.90 1.54 0.0 0.0 0.0
0.95 0.0 0.0 0.0 0.0 0.0 0.0 0.0 0.74 0.0 0.0 0.0 0.24 0.0 0.0 0.0 0.0 0.0 0.0 0.0 0.0 0.0 0.0 0.0 0.0 0.0 0.0 0.0 0.0 0.87 0.09 0.0 0.0 0.0 0.0 0.0 0.0 0.0 0.0 0.0 1.44 0.0 0.0 1.44 1.45 0.0 0.0 0.0 0.0 0.0 0.0 0.0 0.0 0.11 0.0 0.0 0.0 1.41 0.0 0.16 1.98 0.0 0.0 0.0 0.0 0.0 0.0 0.0 0.0 0.0 1.22 0.0 0.0 0.0 0.0 0.0 0.19 0.0 1.97 0.0 0.41 0.0 0.0 0.0 0.0 0.42 0.0 0.0 0.0 0.0 0.01 0.0 0.0 0.0 0.0 0.0 0.0 0.0 0.02 0.08 0.0 0.0 0.0 0.0 0.0 0.0 0.0 0.0 0.0 0.0 0.0 1.44 0.0 0.0 0.0 0.0 0.0 0.0 0.40 0.75 0.0 0.0 0.0 0.0 0.0 0.0 0.0 0.0 0.0 1.61 0.0 0.0 0.0 1.39 0.59 0.0 0.0 0.0 0.0 0.0 0.0 0.0 0.0 0.0 0.0 0.0 0.12 0.0 0.0 1.14
0.0 0.0 1.90 0.0 0.0 0.0 0.0 0.0 1.53 0.98 0.0 0.0 1.90 0.0 0.0 0.0 0.0 0.0 0.0 0.0 0.0 0.0 0.0 1.51 0.0 0.0 0.0 0.0 1.73 0.0 0.0 0.0 0.0 0.0 0.0 0.29 0.0 0.0 1.52 0.0 1.63 0.02 0.0 0.0 0.0 0.0 0.0 1.73 0.0 1.07 0.0 1.32 0.0 0.0 0.0 0.0 0.0 0.15 0.0 0.0 0.0 0.0 0.0 0.0 1.62 0.0 0.0 0.0 0.0 0.0 0.0 0.64 0.0 0.0 0.0 0.0 0.0 1.39 0.0 0.0 0.0 0.0 0.0 0.48 0.0 0.0 0.0 0.0 1.32 0.93 0.0 0.61 0.0 1.36 0.0 0.0 0.0 0.0 0.0 0.0 0.0 0.0 0.0 0.0 0.0 0.0 0.0 0.0 0.0 0.0 0.0 0.0 0.18 0.0 0.0 0.0 0.0 0.0 1.00 0.0 0.0 0.0 0.0 0.0 0.0 0.0 0.0 1.92 0.0 0.0 0.0 0.0 0.35 0.55 0.0 0.0 0.0 1.92 0.0 0.0 0.0 0.0 0.0 0.0 0.47 0.0 1.82 0.0 0.0 0.0
0.0 0.0 0.0 0.0 0.0 0.0 0.0 0.0 0.0 0.0 1.15 0.0 0.12 0.0 0.0 0.0 0.0 0.0 0.0 0.0 0.0 0.0 0.0 1.86 0.0 0.0 0.0 0.0 0.0 0.0 0.0 0.0 1.17 0.77 0.82 0.0 0.0 1.60 1.70 0.0 0.0 0.0 1.67 0.0 0.0 0.0 0.0 0.0 0.0 0.0 1.16 0.0 0.0 0.0 1.81 1.17 0.0 0.0 0.0 0.0 0.0 0.28 0.0 0.0 0.0 0.0 0.0 0.51 0.0 0.0 0.0 1.56 0.0 0.0 1.73 0.0 0.0 0.0 0.0 0.0 1.84 0.0 0.0 0.21 0.0 0.0 0.0 0.0 0.43 0.0 0.0 0.0 1.39 0.0 0.0 0.0 0.0 0.0 0.0 0.77 0.0 0.89 0.0 0.0 0.0 0.0 0.0 0.0 0.0 0.0 0.22 0.0 0.0 0.0 0.0 0.0 1.57 0.0 0.96 0.0 0.0 1.31 0.0 0.0 0.0 0.0 0.0 0.0 0.0 0.0 0.0 0.0 0.0 0.0 1.57 0.0 0.0 0.0 1.97 0.0 0.58 0.0 0.0 0.0 0.0 0.0 0.67 0.0 0.0 0.0
0.0 0.0 0.0 0.38 0.0 0.0 0.0 0.0 0.0 0.0 0.0 0.0 1.88 1.14 0.0 1.43 0.0 0.0 0.0 1.07 0.0 0.0 0.0 0.0 0.0 0.0 1.04 0.0 0.0 0.0 0.0 0.0 0.0 0.0 0.24 0.61 0.0 0.0 1.59 0.0 0.0 0.0 0.0 0.0 0.0 0.0 0.0 0.0 0.08 1.28 0.0 0.0 0.0 0.0 0.0 0.0 0.0 0.0 0.0 0.0 0.0 0.0 0.0 0.99 1.94 0.0 0.0 0.83 1.09 0.0 0.0 0.0 0.0 0.0 1.68 1.85 0.0 0.0 0.0 0.0 0.0 1.56 0.0 0.0 0.0 0.0 0.0 0.0 0.0 0.0 0.22 0.0 0.0 0.0 0.0 0.40 0.0 0.0 0.0 0.0 0.0 1.46 0.0 0.65 0.0 0.0 0.0 0.0 0.0 0.0 0.0 0.78 0.0 0.0 0.0 0.0 0.0 0.0 0.0 1.78 0.0 0.0 0.0 0.66 0.0 0.0 0.0 0.0 0.0 0.0 0.0 0.0 0.0 0.88 0.0 0.0 0.0 0.0 0.0 0.0 0.97 0.0 0.0 0.0 0.0 0.0 0.0 0.0 0.76 0.0
0.0 0.0 0.0 0.0 1.95 0.0 0.0 0.27 0.0 0.0 0.0 0.0 0.0 0.85 0.0 0.0 0.0 1.61 0.53 0.0 0.0 0.0 0.0 0.0 0.0 0.0 0.13 0.76 0.0 0.0 0.51 0.0 0.0 0.0 0.0 0.0 0.0 0.0 0.0 1.05 0.06 0.0 1.01 0.0 0.0 0.0 0.0 0.0 0.0 0.0 0.0 1.53 0.0 0.0 0.0 0.0 0.0 0.0 0.0 0.0 0.0 0.0 0.0 0.0 0.0 0.0 0.0 0.0 1.70 0.0 0.0 0.0 0.0 0.0 0.0 0.0 0.0 0.0 0.0 0.0 0.0 0.0 0.30 0.0 0.0 0.0 0.0 1.06 0.0 0.0 0.0 0.0 0.0 0.0 0.0 0.0 0.0 0.0 0.0 1.87 0.17 0.0 0.14 0.0 0.0 0.0 0.0 0.0 0.0 0.0 0.0 1.42 0.0 0.0 0.0 0.0 0.0 0.0 0.0 0.0 0.0 0.0 0.0 0.0 0.0 0.0 0.0 0.0 0.0 0.0 0.0 1.82 0.0 0.0 0.0 0.0 1.72 0.65 1.83 0.0 1.09 1.03 0.0 0.71 0.0 0.0 0.0 0.0 0.0 0.0
0.06 0.0 0.0 0.0 0.0 0.70 0.0 0.0 0.0 0.0 0.38 0.0 0.0 0.0 0.0 0.0 0.0 0.0 0.0 0.0 0.0 0.0 1.44 1.70 0.0 0.0 0.0 0.0 0.50 0.0 0.0 0.0 0.03 0.0 0.0 0.0 0.0 1.09 0.0 1.98 0.0 0.32 0.48 0.0 0.0 0.0 0.68 0.0 0.78 0.0 0.0 0.0 0.0 0.0 0.0 0.0 0.0 0.0 0.0 0.0 0.0 0.0 0.0 0.0 0.0 0.0 0.0 1.43 0.0 0.0 0.22 0.0 0.0 0.0 0.0 0.0 0.0 0.0 0.0 0.0 0.0 0.0 0.0 0.0 0.0 0.0 0.0 0.0 0.97 0.0 0.0 0.68 0.0 0.0 0.0 0.86 0.0 0.91 0.0 0.0 1.04 0.0 0.0 0.0 0.0 0.38 0.0 0.0 0.0 1.96 1.06 0.0 0.0 0.0 0.0 0.0 0.0 0.58 0.0 1.45 0.0 0.0 0.0 0.0 0.0 0.0 0.48 0.0 1.09 0.0 0.0 0.0 0.0 0.0 0.0 0.0 0.82 0.0 0.40 0.0 0.61 1.87 0.0 0.88 0.0 0.0 0.0 0.44 0.0 0.0
0.10 0.0 0.0 0.45 0.0 0.0 0.0 0.0 0.0 0.0 0.0 0.0 0.0 0.0 0.0 0.0 0.0 1.33 1.53 0.0 0.0 0.0 0.0 0.0 0.0 0.0 0.0 0.68 0.0 0.22 0.0 0.0 1.75 0.0 0.0 0.0 0.0 0.66 0.0 0.0 0.0 0.0 0.0 0.0 1.36 0.0 1.33 0.0 1.14 0.0 0.0 0.0 0.0 0.0 1.09 0.0 0.0 0.0 1.93 0.0 0.0 0.0 1.43 0.0 0.0 0.0 0.0 0.0 0.0 0.0 0.0 0.0 0.0 0.0 1.51 1.61 0.0 0.0 0.0 0.0 0.0 1.05 0.0 0.0 0.0 0.80 1.82 0.0 1.12 0.0 1.01 0.0 0.0 1.67 0.0 0.0 0.0 0.0 0.0 0.0 0.38 0.0 0.0 0.0 0.0 0.79 0.0 1.45 0.0 0.0 0.0 0.14 0.0 0.0 0.0 0.0 1.53 0.0 0.0 0.0 0.0 1.52 1.19 0.0 0.0 0.0 0.0 0.0 0.0 0.0 0.0 0.0 0.0 0.0 0.0 0.0 0.0 0.0 0.0 1.01 0.0 1.85 0.0 0.0 0.0 0.0 0.0 1.64 0.0 0.0
0.0 0.0 0.76 0.05 0.0 0.0 0.77 1.28 1.33 0.0 0.0 0.0 0.0 0.0 1.63 0.0 0.0 0.0 0.08 0.69 0.0 0.0 0.0 0.0 0.0 0.0 0.0 0.0 0.0 0.0 0.0 1.80 1.37 0.61 0.0 0.0 0.0 0.0 0.0 0.0 0.03 0.0 0.0 0.0 0.0 0.0 0.0 0.0 0.0 0.0 1.34 0.0 1.98 0.0 0.0 0.0 0.59 0.0 0.0 0.0 1.61 0.0 0.0 0.0 1.82 0.0 0.0 1.10 0.0 0.0 1.04 0.0 0.78 0.0 0.0 0.0 1.94 1.05 0.94 0.70 1.32 0.0 0.0 0.0 0.11 0.0 0.0 0.0 0.0 0.0 0.0 1.37 0.0 1.26 1.65 0.0 0.0 0.0 1.19 0.0 0.0 0.0 0.0 0.0 0.24 0.0 0.50 0.0 1.72 0.0 0.0 0.0 0.0 0.87 0.0 0.0 0.0 0.0 0.0 0.0 0.25 0.0 1.84 0.59 0.0 0.0 0.93 0.0 1.06 0.0 0.0 0.0 0.0 0.0 0.0 0.0 0.0 0.0 0.51 0.0 1.71 0.0 1.51 1.90 0.0 1.95 0.0 0.72 0.0 0.0
0.0 1.84 0.0 0.0 0.0 0.0 0.0 0.0 1.88 0.0 0.0 0.0 0.0 0.0 0.0 0.0 0.0 0.0 1.63 0.0 0.0 0.0 0.0 0.0 0.0 0.0 0.21 0.0 0.0 2.00 0.0 0.0 0.0 0.0 0.0 0.0 0.0 1.58 0.0 0.0 0.42 0.0 0.0 0.0 0.0 0.0 0.0 0.0 1.67 1.40 0.0 1.63 0.0 0.0 0.0 0.0 0.0 0.0 0.0 0.0 0.0 0.0 0.0 0.0 0.0 0.0 0.0 0.0 0.0 1.13 0.0 0.0 0.0 0.0 0.0 1.98 0.0 0.0 0.0 0.22 0.0 1.73 0.0 0.56 0.0 0.0 0.0 0.0 0.0 0.0 0.0 0.0 0.0 0.0 0.0 0.0 0.0 0.0 1.24 0.0 0.0 0.15 0.0 0.97 0.0 0.0 0.0 1.77 0.0 0.0 0.0 0.0 0.42 0.0 0.0 0.0 0.0 0.0 0.0 0.0 0.0 0.62 0.0 0.0 1.39 0.0 0.0 0.0 0.0 0.71 0.0 0.0 0.64 1.57 0.0 0.0 0.0 0.0 0.0 0.0 0.0 0.0 0.94 0.0 0.0 0.0 0.82 0.0 0.36 0.0
0.0 0.0 0.0 0.0 0.0 0.0 0.0 1.43 0.0 0.37 0.0 0.0 0.95 0.0 0.0 0.0 0.0 0.0 0.0 1.05 0.0 1.45 0.0 0.0 0.0 0.0 1.13 0.0 0.0 0.0 0.0 0.0 0.0 0.0 0.0 0.0 0.0 0.0 0.0 0.0 0.0 0.02 0.0 0.0 0.0 0.0 0.81 0.0 0.11 0.0 0.0 0.0 0.0 0.0 1.72 0.0 0.0 0.0 1.59 0.0 0.0 0.0 0.0 0.0 0.0 0.0 0.0 0.0 0.0 0.0 0.0 0.0 0.0 0.0 0.0 0.0 0.95 0.0 0.0 0.0 0.0 0.0 0.36 0.0 0.50 1.65 0.0 0.0 0.0 0.81 0.0 0.0 0.0 0.0 0.0 0.0 0.0 0.0 0.0 0.0 0.0 0.0 0.0 0.0 0.0 0.0 0.0 0.0 0.0 0.0 0.0 0.0 0.0 0.0 0.0 0.0 0.0 0.0 0.0 0.0 0.13 0.0 1.47 0.0 0.0 1.61 0.0 0.0 0.0 0.0 0.0 0.0 1.74 0.0 0.0 0.0 0.0 0.0 0.0 0.0 0.0 0.91 0.0 0.48 1.16 0.0 0.0 0.0 0.0 1.89
1.80 0.0 0.93 0.0 0.0 0.43 1.90 0.0 0.0 0.0 0.70 0.0 0.0 0.0 1.32 0.0 0.0 0.0 1.25 0.0 0.0 0.0 0.64 0.0 0.0 0.0 0.0 0.0 0.0 0.0 0.0 0.0 0.0 0.0 0.0 0.26 0.0 0.0 0.0 0.0 0.15 0.0 0.0 0.0 0.0 0.0 0.0 1.46 0.0 0.0 0.0 1.53 0.0 0.0 0.0 0.0 0.0 0.0 0.0 0.0 0.0 0.0 0.0 0.0 0.0 0.0 0.0 1.00 0.0 0.42 1.00 0.0 0.0 0.0 0.0 0.0 0.0 1.94 1.32 0.0 0.0 0.0 0.0 0.0 0.0 0.0 0.0 0.53 0.0 0.0 0.0 0.0 0.0 0.0 0.0 1.64 0.0 0.0 0.0 1.83 0.0 0.0 0.0 1.32 1.13 0.0 0.0 0.0 0.10 0.0 0.0 0.0 0.0 0.0 1.00 0.93 0.0 0.0 0.0 0.0 0.0 0.0 0.14 0.0 0.0 0.0 0.0 0.0 0.21 0.0 0.0 0.0 0.0 0.0 0.73 0.0 0.0 0.0 0.0 0.0 0.13 0.0 0.0 0.0 0.0 1.98 0.18 0.0 0.0 0.0
0.0 0.0 0.0 0.0 0.0 0.0 0.0 0.0 0.31 0.0 0.0 0.0 1.50 0.0 0.76 1.17 0.29 0.0 0.0 0.0 0.86 0.0 0.72 0.0 0.0 1.39 1.99 0.0 0.0 0.0 0.0 0.0 0.0 0.0 0.0 0.0 0.0 0.0 0.0 0.0 0.0 0.0 0.0 0.0 1.30 0.51 0.0 0.0 0.0 0.0 0.0 0.0 0.0 0.0 0.0 0.0 0.0 1.89 0.0 0.42 0.0 0.0 0.0 0.0 0.39 0.0 0.0 0.36 0.0 0.0 0.0 0.0 0.0 0.0 0.0 0.46 0.0 1.51 0.0 0.0 0.0 0.0 0.0 1.79 0.0 0.0 0.0 0.0 0.0 0.0 0.0 0.67 0.0 0.0 0.0 0.0 0.0 0.10 0.65 0.0 0.0 0.0 0.13 0.0 0.0 0.0 1.05 0.33 0.0 0.0 0.0 0.0 0.0 0.0 0.88 0.0 1.75 0.0 0.0 0.0 0.0 0.0 1.17 0.62 0.0 0.0 0.0 0.0 0.0 0.0 0.0 0.0 0.0 0.0 0.0 0.0 0.0 0.0 0.0 0.0 0.0 0.37 1.98 0.0 0.93 1.44 1.95 0.0 0.0 0.0
0.0 1.82 0.48 0.0 0.0 1.91 0.98 0.0 0.0 0.0 0.0 0.0 0.20 0.0 0.0 0.0 0.0 0.0 1.32 0.0 0.0 0.65 0.0 0.0 0.0 0.0 0.0 0.0 0.0 0.0 0.0 0.0 0.0 0.0 0.0 0.0 0.0 0.0 0.0 0.0 0.01 0.0 0.0 0.0 0.0 0.0 1.17 0.0 0.0 0.0 1.20 0.0 0.0 0.68 0.0 0.0 0.0 0.18 0.0 0.0 0.0 0.0 0.0 0.0 0.0 0.0 0.10 0.0 0.0 0.0 0.0 0.0 1.04 0.0 0.56 0.0 0.77 0.0 0.0 0.0 0.0 0.0 1.04 0.0 0.0 0.0 0.0 1.90 0.0 0.0 0.69 0.97 0.0 0.0 0.0 0.0 0.31 1.84 0.0 0.0 0.0 1.18 0.0 0.0 0.0 0.0 0.0 0.0 0.0 0.0 0.85 0.0 0.0 0.0 0.0 1.12 0.0 0.0 0.0 0.26 0.0 0.0 0.0 0.0 0.0 0.89 0.0 0.0 0.0 0.33 0.95 1.45 0.0 0.0 0.0 0.0 0.0 0.89 0.0 0.0 0.0 0.0 1.32 0.0 0.0 0.0 0.0 0.47 0.0 1.54
0.0 0.0 0.0 0.14 0.0 1.71 0.0 0.0 0.0 0.0 0.0 0.0 0.0 0.0 0.0 0.0 0.0 0.0 0.0 0.0 0.0 0.0 0.0 0.0 0.86 1.54 0.27 0.0 0.91 0.0 0.0 0.0 0.0 0.0 0.0 0.0 1.24 0.0 0.0 0.0 1.86 0.0 0.0 0.0 0.40 1.88 0.0 0.0 0.0 0.0 1.50 0.34 0.0 0.0 1.94 0.0 1.32 0.0 0.0 0.96 0.0 0.0 0.0 1.95 0.0 0.0 0.0 0.0 0.0 0.0 0.0 0.0 1.78 0.0 0.0 0.0 0.0 0.0 0.0 0.0 0.0 0.58 0.0 0.0 0.0 0.0 0.0 0.0 0.0 0.0 0.0 0.0 0.0 0.0 0.91 0.0 0.0 1.75 0.0 0.0 0.0 0.48 0.0 0.0 0.0 0.0 1.36 0.0 0.0 0.0 0.0 0.0 0.0 1.63 0.0 0.0 0.0 0.33 0.0 1.02 0.0 0.0 0.0 0.0 0.0 0.0 0.0 0.0 0.0 0.0 0.0 0.0 0.0 0.0 0.0 0.0 0.0 0.0 0.0 1.04 0.0 0.0 0.0 0.0 0.0 1.30 0.0 0.0 0.0 0.0
0.0 0.97 1.23 0.0 0.0 0.0 0.0 0.0 0.0 0.0 0.0 0.22 0.0 0.0 0.0 0.0 0.0 0.0 0.0 0.0 0.29 0.0 0.0 0.0 1.87 0.0 0.0 0.0 0.86 0.0 0.0 0.0 1.66 0.0 0.0 0.0 0.0 0.0 0.0 0.0 0.0 0.0 0.0 0.0 0.0 0.85 0.0 0.55 0.64 0.93 0.0 0.0 1.52 0.0 1.12 0.0 0.0 1.07 0.0 1.75 0.0 0.0 0.0 1.26 0.0 0.0 0.0 0.0 0.0 1.45 0.0 0.0 1.72 0.0 0.0 0.01 0.0 0.0 0.0 0.66 0.0 0.0 1.15 0.0 0.0 0.0 0.0 0.36 0.0 0.0 0.0 0.0 0.0 1.66 1.59 0.08 0.0 0.0 1.49 0.0 0.0 0.0 0.0 0.0 0.0 0.0 0.0 0.0 1.85 0.0 0.68 0.0 0.0 0.0 0.0 0.0 0.0 0.0 0.0 0.0 0.0 0.0 0.0 0.0 0.0 0.0 0.0 0.0 0.16 0.0 0.0 0.0 0.0 0.0 0.0 0.58 0.0 0.0 0.0 0.0 0.0 0.0 1.88 0.83 0.0 0.0 0.0 1.62 0.0 0.0
0.0 0.0 0.0 1.15 0.0 0.0 0.0 0.0 0.0 0.0 1.08 0.0 0.0 0.0 0.0 0.0 0.0 0.0 0.0 0.0 0.0 0.0 0.37 0.0 1.37 0.0 0.0 0.0 0.0 0.0 0.0 0.0 0.0 0.0 1.63 0.0 0.0 0.91 1.58 0.0 1.64 0.0 1.79 0.0 0.0 0.0 0.0 0.0 0.0 0.0 0.0 0.0 0.0 0.0 0.0 0.0 0.0 0.0 0.0 0.0 0.0 0.0 0.0 0.0 0.0 0.0 0.0 1.14 0.0 0.0 1.26 0.96 0.0 0.0 0.0 0.0 0.44 0.0 1.03 0.0 0.0 0.0 0.0 0.0 0.0 0.0 0.0 1.72 1.46 1.28 0.0 0.0 0.0 0.0 0.0 0.0 0.0 0.0 0.0 0.0 0.0 0.0 0.0 0.0 0.0 0.0 0.0 0.0 0.0 0.0 0.0 0.0 0.0 0.0 0.0 1.83 0.0 0.0 0.0 0.0 0.0 0.0 0.0 0.0 0.0 0.0 1.63 0.0 0.0 0.0 0.0 0.0 0.76 1.12 1.24 0.0 0.0 0.0 0.0 0.0 0.0 0.0 0.0 0.0 0.0 0.0 0.0 1.06 0.65 0.0
0.0 0.0 0.0 0.0 0.0 0.0 1.75 0.0 0.0 0.0 0.0 0.0 0.0 0.0 0.0 1.15 0.0 1.43 0.0 0.49 0.0 0.0 0.47 0.0 0.0 0.0 0.0 0.0 1.04 0.0 0.0 1.27 0.0 0.0 0.0 0.0 0.0 0.0 0.0 0.0 0.0 0.0 0.35 0.0 0.0 1.57 1.41 0.0 0.0 0.0 0.0 0.0 0.0 0.0 0.0 0.0 0.84 1.01 0.0 0.0 0.0 0.0 0.0 0.0 0.0 0.0 0.0 1.21 0.0 0.0 0.07 0.0 0.0 0.0 0.0 0.0 0.0 0.0 0.0 0.0 0.0 0.64 1.04 0.0 0.0 0.0 0.0 0.0 0.0 0.0 0.0 0.0 0.0 0.0 0.0 0.0 0.0 0.0 0.0 1.38 0.0 0.0 0.0 1.31 0.23 0.0 0.0 0.0 0.0 0.0 0.0 1.72 0.0 0.0 0.0 0.0 0.0 0.0 0.0 0.0 0.0 1.09 0.0 0.0 0.0 0.0 0.75 0.0 0.35 0.0 0.0 0.0 0.0 0.0 0.0 0.0 0.0 0.0 0.0 0.0 0.0 0.0 0.0 0.0 0.0 0.0 0.0 0.0 0.0 0.0
0.0 1.67 1.96 0.0 0.0 0.0 0.0 0.0 0.0 0.0 0.0 0.96 0.0 0.0 0.0 0.0 0.11 1.56 0.0 0.0 0.0 0.0 0.57 0.0 0.10 0.0 0.0 0.0 0.0 0.0 0.0 0.0 0.0 1.50 1.71 0.0 0.0 0.0 1.22 0.47 0.0 0.0 0.0 0.0 0.0 0.0 0.0 0.0 0.0 0.0 0.0 0.0 0.10 0.0 0.0 0.0 0.0 0.0 1.17 0.0 0.0 0.0 0.0 0.0 0.22 0.0 0.0 0.0 0.0 0.0 1.56 0.0 0.0 0.0 0.0 0.0 0.0 0.0 0.0 0.75 0.0 1.57 0.0 0.0 0.0 0.0 0.0 0.0 0.0 0.0 0.0 0.0 0.0 1.63 0.0 0.31 0.0 0.0 0.0 0.0 0.50 0.0 0.0 0.0 0.0 0.0 0.0 0.0 0.0 0.0 0.0 0.0 0.0 0.0 0.0 0.0 1.51 1.63 0.0 0.0 0.0 0.0 0.0 0.0 1.14 0.0 0.0 0.0 0.0 0.0 0.0 0.0 0.0 0.0 0.0 0.0 0.22 0.0 0.0 0.0 0.44 0.0 0.0 0.0 0.85 1.39 0.0 0.67 0.0 0.57
0.53 0.0 0.0 0.0 0.0 0.0 0.0 0.31 0.0 0.0 1.87 0.0 0.0 0.0 0.0 0.0 0.0 0.0 1.82 0.0 0.0 0.0 0.0 0.04 0.0 0.29 0.0 0.0 0.0 1.68 1.92 0.0 0.0 0.0 0.0 0.0 0.13 0.0 0.62 0.0 0.0 0.0 0.0 0.0 0.0 0.0 0.0 1.15 0.97 0.86 0.0 0.0 0.0 0.0 0.0 0.0 0.0 0.0 0.0 1.13 0.0 1.20 0.0 0.0 0.0 0.75 0.0 0.0 0.0 0.0 0.0 0.39 0.0 0.0 0.21 0.0 0.0 0.0 1.35 0.0 0.0 0.0 0.0 0.0 0.0 0.0 0.0 1.22 0.0 0.0 0.0 0.0 1.00 0.0 0.0 0.0 1.57 0.0 0.0 0.0 0.99 0.0 0.0 0.0 0.0 1.27 0.0 0.0 0.0 0.0 0.0 0.0 0.0 0.0 0.17 0.0 0.0 0.0 0.0 0.71 0.0 0.0 0.0 0.0 0.0 0.0 0.0 0.0 0.0 0.0 0.0 0.0 0.0 0.0 0.29 0.0 1.39 0.06 0.0 0.0 0.05 0.0 1.58 0.0 0.0 0.0 0.0 0.95 0.0 0.0
0.0 0.0 0.0 0.0 0.0 0.0 1.46 0.0 0.0 0.0 0.0 0.0 0.0 0.0 0.0 0.0 0.68 1.63 0.0 0.76 0.32 0.0 1.53 1.23 0.0 0.0 0.0 0.0 0.0 0.17 1.70 0.0 0.0 0.0 0.0 0.0 0.0 0.0 0.0 0.0 0.59 0.0 0.0 0.0 0.0 0.0 0.0 0.82 0.0 0.0 0.0 0.0 0.0 0.0 0.0 1.08 0.0 0.0 0.62 0.72 0.0 0.0 0.0 0.0 0.0 0.0 0.0 0.0 0.25 0.93 0.0 0.0 0.98 0.0 0.17 1.66 1.88 0.0 0.0 0.0 0.0 0.0 0.0 0.0 0.0 0.0 0.0 0.0 0.0 0.86 0.0 0.0 0.38 0.0 0.0 1.96 0.0 0.0 0.0 0.0 0.11 1.35 0.0 0.0 0.0 0.0 0.0 0.0 0.0 0.0 0.0 0.0 0.0 0.0 0.0 0.78 0.0 0.0 0.0 0.0 1.72 1.35 0.0 0.0 0.0 0.87 0.91 0.0 0.0 0.0 0.0 0.0 1.46 0.0 1.82 1.55 0.88 0.0 0.0 0.0 0.0 0.0 0.0 0.0 0.0 0.0 0.0 0.0 0.0 0.0
0.0 0.0 0.0 1.13 0.0 0.0 0.0 0.28 0.0 0.55 1.73 0.0 0.0 0.0 0.48 0.0 0.0 0.0 0.0 0.0 0.0 1.14 0.0 0.0 1.27 0.0 0.0 0.0 0.0 1.46 0.0 0.0 1.98 0.0 0.0 0.0 0.0 0.0 0.0 0.19 0.88 1.67 0.0 0.0 0.0 0.0 0.0 0.0 0.0 0.0 0.0 0.0 0.0 0.0 0.0 0.0 0.0 0.0 0.0 0.0 0.0 1.19 1.66 0.0 0.0 0.0 0.0 0.0 0.0 0.0 0.0 0.0 0.0 0.0 0.0 0.0 1.07 0.0 0.0 0.0 0.0 1.57 0.0 0.0 0.08 0.0 0.0 0.0 0.0 0.0 0.0 0.57 0.34 0.0 0.0 0.0 0.0 0.0 0.0 0.0 0.0 0.0 0.0 0.0 0.0 0.0 0.0 0.0 0.0 0.0 0.36 0.0 0.0 0.0 0.0 0.0 0.0 0.0 0.0 0.0 0.0 0.0 0.43 0.0 0.0 0.0 0.0 0.0 0.0 0.0 1.61 0.0 0.0 0.11 0.0 0.0 0.0 0.0 0.0 0.0 0.0 0.97 0.37 1.80 1.21 0.0 0.0 0.0 0.0 0.0
0.0 0.0 0.0 0.0 0.0 0.0 0.0 0.0 0.0 0.0 0.0 0.0 0.0 0.0 0.0 0.0 0.0 0.0 0.0 0.0 0.0 0.0 0.0 0.0 0.0 0.15 0.0 0.41 0.0 0.0 0.0 0.0 0.0 0.0 0.0 0.0 0.0 0.0 0.0 0.0 0.0 0.0 0.0 0.0 0.0 0.0 0.94 1.82 0.0 1.48 1.47 0.0 0.0 0.0 1.47 0.0 0.0 0.0 0.0 0.0 0.0 0.0 0.0 1.64 0.0 0.0 0.0 0.0 0.0 0.0 1.49 0.44 0.0 0.0 1.16 0.0 1.55 0.0 0.0 0.0 0.03 0.0 0.0 0.0 0.0 0.79 0.0 0.0 0.0 0.28 0.0 0.0 0.0 0.0 1.66 0.0 0.0 0.0 0.0 0.0 0.0 0.0 0.0 0.0 0.0 0.0 0.0 0.0 0.0 0.0 0.0 0.0 0.0 0.0 0.38 0.0 0.0 0.0 1.43 0.0 0.0 0.0 0.0 0.0 0.0 0.0 0.07 0.30 0.0 0.0 1.56 0.0 0.0 0.0 0.0 0.0 0.0 0.0 0.0 0.0 0.0 1.33 0.0 0.0 0.0 0.0 0.0 0.0 0.0 0.0
0.0 0.0 0.0 1.18 0.0 0.0 0.0 0.0 0.92 0.0 0.0 0.0 0.0 1.35 0.0 0.0 0.0 1.18 0.0 0.0 0.0 0.0 0.0 0.0 0.0 0.0 0.0 1.93 0.0 0.0 0.0 0.0 0.0 0.0 0.0 0.0 0.02 0.0 0.0 0.0 0.0 0.0 0.0 0.0 0.0 0.0 0.0 0.0 0.71 1.40 0.79 0.0 0.0 0.0 0.0 1.19 0.0 0.0 0.22 0.0 0.0 0.0 0.0 0.0 0.0 0.0 0.0 0.0 0.0 0.0 0.0 0.0 1.30 0.60 0.10 0.0 0.0 1.08 0.0 0.0 0.0 0.0 0.0 0.0 0.0 1.99 0.0 0.0 0.0 1.23 0.0 0.0 0.0 0.0 0.0 0.0 0.0 1.57 0.0 0.0 0.0 0.0 0.0 1.12 0.0 0.0 0.0 0.0 0.0 0.0 0.12 0.79 0.0 0.0 0.0 0.0 0.0 0.0 0.0 0.0 0.0 0.0 0.0 0.0 0.0 0.55 0.0 0.0 0.0 0.0 0.0 0.52 0.0 0.80 0.0 0.0 0.0 0.0 0.0 0.0 0.0 0.0 0.0 0.0 0.0 0.97 1.15 0.0 0.0 1.74
0.0 0.0 0.0 0.0 0.0 0.0 0.0 0.0 0.0 0.0 0.0 0.93 1.24 0.0 0.0 0.0 0.0 0.0 0.0 1.27 0.0 0.0 0.0 0.0 1.74 0.0 1.10 1.96 0.0 0.03 0.0 0.59 0.0 0.0 0.0 0.58 0.0 0.34 0.0 0.0 0.0 0.0 0.0 0.0 0.0 0.0 0.0 0.0 0.0 0.0 0.0 0.76 0.0 0.0 0.0 0.0 0.0 0.0 0.0 0.0 0.05 0.0 0.0 0.0 0.0 0.0 0.0 0.0 0.15 0.0 0.0 0.16 0.0 0.0 0.0 0.0 0.0 0.0 1.62 0.82 0.0 0.0 0.0 0.0 0.0 1.95 0.0 0.0 0.0 0.0 0.0 0.10 0.0 0.0 0.0 1.67 0.0 0.0 0.0 0.0 0.0 0.0 0.0 0.0 0.0 0.0 0.0 0.90 1.82 0.0 1.30 0.0 0.0 0.71 0.0 0.0 0.0 0.0 0.0 0.0 0.20 0.0 0.0 0.0 0.21 0.0 0.0 0.31 0.0 0.0 0.0 0.0 1.51 0.0 0.0 0.0 0.76 0.42 0.0 0.0 0.0 0.0 1.81 1.67 0.0 0.76 0.0 0.0 0.0 0.0
1.16 0.0 0.0 0.0 1.78 0.18 0.0 0.0 0.0 1.13 0.0 0.0 0.0 1.52 0.84 0.0 0.0 0.42 0.0 0.91 0.0 0.0 0.0 1.03 1.77 0.0 0.0 0.0 1.98 0.0 0.0 0.0 0.0 0.0 0.0 0.0 0.05 0.0 0.0 0.0 0.0 0.0 0.0 0.0 0.0 0.0 0.66 0.0 0.0 0.0 0.0 0.0 0.0 0.0 0.0 0.0 0.0 1.35 0.0 0.0 0.51 0.0 0.0 0.0 0.09 1.93 0.01 0.86 0.0 0.0 0.0 0.0 0.0 0.0 0.0 0.0 0.0 1.30 0.0 0.0 0.0 0.0 0.74 0.0 0.0 0.0 1.46 0.0 0.0 0.63 0.73 0.0 0.0 0.0 0.0 0.0 0.0 0.0 1.42 0.0 0.0 1.32 1.53 1.38 0.0 0.0 1.16 0.22 0.0 0.40 0.0 0.0 0.0 0.0 0.0 0.0 0.77 0.0 0.0 0.0 0.0 0.0 0.0 0.23 1.18 0.0 0.81 1.73 0.0 0.0 0.0 0.96 0.0 0.0 0.95 0.0 0.0 1.42 0.0 0.0 0.0 0.0 0.0 0.0 0.0 0.0 0.0 0.0 0.0 0.0
0.0 0.0 0.0 0.0 0.0 0.0 0.0 1.95 0.30 0.0 0.0 0.0 0.0 1.24 0.0 0.0 0.0 0.0 0.0 0.0 0.0 0.63 0.65 0.0 0.0 0.0 0.0 0.0 0.0 0.0 0.0 0.0 0.0 0.0 0.0 1.22 0.0 0.0 0.0 0.0 0.0 0.0 0.0 0.0 0.0 0.0 0.0 0.0 0.0 1.23 0.0 0.0 0.0 0.0 1.87 0.0 0.0 0.06 0.0 0.0 0.70 0.0 0.0 0.0 1.45 0.0 0.0 0.0 0.40 0.0 0.0 0.0 1.70 0.0 0.0 0.0 0.0 0.63 0.0 0.0 0.0 0.0 0.56 0.0 0.35 0.0 0.0 1.16 0.0 0.0 0.0 0.37 0.0 0.32 0.0 0.0 0.0 0.0 0.0 0.0 0.39 0.0 0.0 1.83 0.0 0.0 0.0 0.0 0.0 0.63 0.0 0.0 0.0 0.0 0.86 0.0 0.0 0.0 0.0 1.68 0.0 0.84 0.0 0.0 0.0 0.0 0.0 0.0 0.20 1.29 0.0 0.0 0.0 0.0 1.16 0.26 0.0 0.0 0.0 0.0 0.0 0.03 0.0 0.58 0.38 1.81 0.0 1.51 0.0 0.0
0.0 0.0 1.02 0.0 0.0 0.0 0.0 0.0 1.50 0.0 0.0 0.0 0.0 0.0 0.0 0.0 0.0 0.0 0.0 0.0 0.62 0.0 0.0 0.0 0.0 0.11 0.0 0.0 0.59 0.0 0.0 1.89 0.0 0.0 0.0 0.0 0.0 0.0 0.0 0.0 1.65 0.0 0.0 0.0 0.0 1.85 0.20 0.0 0.0 0.0 0.0 0.0 0.59 0.0 0.0 0.0 0.0 0.0 0.0 0.29 0.0 0.0 0.0 0.0 0.0 0.0 0.0 0.0 0.0 0.0 0.0 0.0 0.90 1.98 0.0 0.0 0.45 0.0 0.0 0.0 0.0 1.62 0.0 1.78 0.0 0.01 0.0 0.0 0.0 1.65 0.0 1.37 0.0 1.96 0.0 0.0 0.0 0.55 0.0 0.0 0.28 0.0 0.0 0.0 0.0 0.0 0.0 0.0 0.0 0.0 0.0 1.91 0.0 0.0 1.09 0.0 0.0 0.0 0.26 0.0 0.0 0.0 0.0 0.79 0.0 0.0 0.0 0.0 0.0 0.0 0.0 1.07 0.0 0.0 0.0 0.0 0.04 0.34 0.0 0.0 0.0 0.0 0.0 0.0 0.0 0.95 0.0 0.0 0.0 1.45
0.0 1.97 1.42 0.0 0.0 0.0 0.0 0.0 1.74 0.0 0.0 0.0 0.0 0.0 0.56 0.0 0.0 0.0 0.0 0.0 0.37 0.0 0.0 0.0 0.46 0.0 0.0 0.0 0.0 0.0 0.0 1.78 0.0 0.0 1.94 0.0 0.0 0.0 0.0 1.28 0.0 0.0 0.60 0.0 0.0 0.0 0.0 0.23 0.0 0.0 0.0 0.0 0.07 0.0 0.0 0.0 0.15 0.0 0.0 0.0 0.38 0.0 0.0 0.0 0.0 0.0 0.0 0.51 0.0 0.0 0.0 0.95 0.0 0.0 0.0 0.0 0.0 0.0 1.48 0.0 0.0 0.0 1.32 0.0 0.0 0.0 0.0 0.0 0.0 1.97 0.19 0.0 0.0 0.0 0.0 0.0 0.0 0.0 0.0 0.0 1.09 0.01 0.0 0.0 0.0 0.0 0.0 0.90 0.0 0.0 0.0 0.0 1.36 0.0 0.0 1.76 0.0 0.0 0.0 0.0 0.0 0.0 0.0 0.0 0.78 0.89 0.0 0.0 0.0 0.0 0.0 0.0 0.0 1.23 1.02 0.0 0.0 0.0 0.0 0.0 0.0 0.20 0.0 0.0 0.0 0.0 1.35 1.76 0.0 0.90
